time,ammonia,nitrite,nitrate,COD
1,31.452788435310698,1.4134788161936054,19.309152644489917,42.78548049253782
2,31.413638136153736,1.5287605166605107,19.32095752915606,41.315734972539246
3,31.372878904564978,1.6371454961342002,19.334950287772358,39.84158994299629
4,31.330762553608626,1.7396183595597263,19.350783981302015,38.36367466441647
5,31.287486631216353,1.8369461522539459,19.368191380289854,36.88248149474165
6,31.243209576382235,1.9297404324183032,19.386961507350573,35.39840435385863
7,31.19806081698228,2.01849824645916,19.406924362441437,33.91176429903094
8,31.152147734665245,2.1036301674986113,19.427940594185195,32.422827132254
9,31.105560610761646,2.185480068287485,19.449894291860222,30.93181588150093
10,31.058376226757208,2.2643394272071755,19.472687818610478,29.43891987145773
11,31.010660542103402,2.340457910024443,19.496238021484487,27.944301458967853
12,30.962470723385117,2.4140513489364994,19.520473395131155,26.448101129102916
13,30.913856707474032,2.485307861666738,19.545331921512037,24.950441415049582
14,30.864862423397,2.5543926150114262,19.57075939868398,23.451429957754872
15,30.81552675996877,2.621451583044085,19.596708129859636,21.951161925559145
16,30.765884341122817,2.6866145479708705,19.623135882192592,20.449721950323205
17,30.71596615377467,2.7499975223811592,19.650005050446694,18.947185693217193
18,30.665800061182477,2.811704723794732,19.677281978355154,17.443621123289304
19,30.736982222197323,2.126078202660476,19.694594664406267,15.900726556153668
20,30.833778080482848,1.495416145751139,19.70517257814564,14.39125649923384
21,30.968624046036364,0.9456634113303743,19.70578279224724,12.93160006424384
22,31.15918680957082,0.5138022402146588,19.691832687548505,11.545257865363514
23,31.421431591439244,0.23350170523054664,19.659172245106593,10.253957875979674
24,31.75080912370402,0.09564166792445176,19.608985307021108,9.05258664716004
25,31.75577918796466,0.40341024275307896,19.5460888081253,7.698478084200114
26,31.7432165363225,0.6320823034684103,19.51674337170355,6.299091041200222
27,31.721529269238648,0.8219824972431476,19.50226996990381,4.8761701366690575
28,31.693988118800288,0.987498516150607,19.49665842252886,3.4380952590971834
29,31.662290146725493,1.1357977246997593,19.49707444797517,1.9891878638311695
30,31.627454649538247,1.2710771197579012,19.50191753802839,0.5320311500806547
31,31.590082589992107,1.4088185811287994,19.551586529775552,0.006096875
32,31.550409179763395,1.5465470207885421,19.628287666874233,0.006096875
33,31.50880529751393,1.6782950181451364,19.70756281389449,0.006096875
34,31.46557337191354,1.8049326323294133,19.78897398445341,0.006096875
35,31.420949962910157,1.927132071237558,19.87218590194186,0.006096875
36,31.375124352808903,2.045425588038116,19.956935227558006,0.006096875
37,31.328250866727366,2.1602432394141524,20.043010703678146,0.006096875
38,31.280457334599134,2.2719384638412916,20.130239826271218,0.006096875
39,31.231851079613357,2.3808059665809034,20.218479601486322,0.006096875
40,31.18252326530368,2.4870945655097434,20.307609954542368,0.006096875
41,31.132552121009443,2.591016632654211,20.39752891673732,0.006096875
42,31.08200538115093,2.692755173836474,20.48814903761881,0.006096875
43,31.15244358048987,2.223652847874884,20.496605893403512,0.006096875
44,31.23927299386235,1.7795716755916822,20.500330364100233,0.006096875
45,31.34745210372482,1.367801668499334,20.497893644311596,0.006096875
46,31.48360909615779,0.9981528123158719,20.487373718130932,0.006096875
47,31.655941527766828,0.6828854843897196,20.46636971111598,0.006096875
48,31.872668082000523,0.434532057968286,20.432429696917477,0.006096875
49,31.858483012230632,0.6529484055617555,20.467071898272682,0.006096875
50,31.83567807389013,0.843835059423841,20.516019889351544,0.006096875
51,31.807057529305098,1.0167032199172445,20.573930688877034,0.006096875
52,31.77417918193123,1.1765516377962046,20.638091958062684,0.006096875
53,31.738019272454135,1.3263996807831908,20.706904579970253,0.006096875
54,31.699239247812468,1.468238924951776,20.77933288962522,0.006096875
55,31.658312646371012,1.603465942679398,20.854661100440158,0.006096875
56,31.615592708423204,1.7331053693926692,20.932370283254894,0.006096875
57,31.571351485227304,1.8579356185942368,21.012070161663736,0.006096875
58,31.525803920033848,1.9785646697891408,21.093458551034995,0.006096875
59,31.479123425089465,2.095478235336823,21.176295876808336,0.006096875
60,31.431452368703436,2.209071704986708,21.260388443053817,0.006096875
61,31.38290937326626,2.319672089272592,21.345577039462448,0.006096875
62,31.333594537705018,2.4275535442431244,21.43172894311645,0.006096875
63,31.283593264877606,2.5329486347002703,21.518732155765928,0.006096875
64,31.232979125041368,2.636056684903343,21.606491157804985,0.006096875
65,31.181816037138198,2.7370500880962663,21.69492371816925,0.006096875
66,31.130159957043976,2.8360791537835772,21.78395845612661,0.006096875
67,31.19633909790853,2.3607004651398467,21.790846462784003,0.006096875
68,31.277708689886914,1.9085828265714129,21.793352495655736,0.006096875
69,31.378789411976797,1.4863624324109879,21.79017559076157,0.006096875
70,31.505688425780242,1.1030576723529324,21.779548359700716,0.006096875
71,31.666203314086093,0.7702878038283532,21.759194720417856,0.006096875
72,31.868845855472884,0.5009366141868511,21.72659269789423,0.006096875
73,31.85177498032776,0.7100381877776407,21.76345320100517,0.006096875
74,31.82708957217763,0.8950931303597968,21.812644123061936,0.006096875
75,31.797120839424906,1.0638614504957207,21.869855822268132,0.006096875
76,31.763217862697207,1.2206206648398177,21.93278512274843,0.006096875
77,31.726247953724158,1.368030470036026,22.00003138543583,0.006096875
78,31.68680920429673,1.5078800504978018,22.070668312078222,0.006096875
79,31.645335377083615,1.6414421093181457,22.144045943168486,0.006096875
80,31.602153273737947,1.7696606135861663,22.219687633686412,0.006096875
81,31.557516574974866,1.8932588652898272,22.297231662133065,0.006096875
82,31.511626998029815,2.0128057294565527,22.37639590879244,0.006096875
83,31.464648151693478,2.1287582808395404,22.45695536153178,0.006096875
84,31.416714958852864,2.241490392870396,22.53872718071323,0.006096875
85,31.36794026949445,2.351312552949421,22.621560434584783,0.006096875
86,31.318419627204307,2.4584859886127184,22.705328836357182,0.006096875
87,31.268234784175462,2.563232983322555,22.78992547584165,0.006096875
88,31.217456345232634,2.6657445682880616,22.875258914872727,0.006096875
89,31.166145791557486,2.7661863631921175,22.961250238641938,0.006096875
90,31.114357053608636,2.864703083133679,23.047830791770693,0.006096875
91,31.179779084319556,2.3881703907058696,23.05226463056311,0.006096875
92,31.26016476180173,1.9345666061027988,23.052386870405122,0.006096875
93,31.35995092028115,1.5104030151753167,23.046920854488338,0.006096875
94,31.485141036269525,1.1245412261520382,23.034129663014227,0.006096875
95,31.643440503622557,0.7884555063435772,23.011765245600124,0.006096875
96,31.84337949756218,0.515041226127763,22.977302840599915,0.006096875
97,31.825803263701427,0.7222903685603567,23.012500586660412,0.006096875
98,31.800806250775185,0.9061554576855548,23.05966100368692,0.006096875
99,31.770631617587963,1.074075406864512,23.114662193219356,0.006096875
100,31.736588126682356,1.2301896799932959,23.17527877868747,0.006096875
101,31.6995215653273,1.3770873393779226,23.240148885206498,0.006096875
102,31.6600173111006,1.5165171310541925,23.308367957142874,0.006096875
103,31.618501054010174,1.6497266984160426,23.379299287182175,0.006096875
104,31.575294183639876,1.7776435338353467,23.452474822029732,0.006096875
105,31.5306465947251,1.9009796002200152,23.527538682845304,0.006096875
106,31.484757263864367,2.0202956666511245,23.604212877174923,0.006096875
107,31.43778775928969,2.1360428512782756,23.682275400228438,0.006096875
108,31.389871448325326,2.2485905337905505,23.76154566084056,0.006096875
109,31.341119971100614,2.358245738745372,23.84187444523562,0.006096875
110,31.29162791383349,2.4652669762082806,23.923136803793962,0.006096875
111,31.24147625967519,2.569874363149715,24.005226883834442,0.006096875
112,31.190734987480212,2.6722571794924357,24.088054095200143,0.006096875
113,31.139465062923925,2.7725796118667367,24.171540211392468,0.006096875
114,31.08771998747987,2.8709851899168566,24.255617141713838,0.006096875
115,31.15302534428362,2.3942345250238923,24.257544464366006,0.006096875
116,31.23324374099131,1.9403387452056122,24.25517973512853,0.006096875
117,31.332792935706404,1.5157807679956976,24.24725171896798,0.006096875
118,31.457652359579235,1.1293859350892441,24.23203040860935,0.006096875
119,31.615504793124348,0.7925931986769466,24.207274401048156,0.006096875
120,31.81488072430227,0.5182948661701834,24.17045918144335,0.006096875
121,31.79725894020741,0.7251235126710962,24.20336236758289,0.006096875
122,31.772259961702968,0.908717284708308,24.248149985749173,0.006096875
123,31.742107216516892,1.076443295558465,24.300741930418106,0.006096875
124,31.708100367095234,1.2324098690892642,24.35893028484622,0.006096875
125,31.67108032129302,1.3791900489404636,24.421361911456902,0.006096875
126,31.63162956622287,1.5185233763495365,24.48713716641377,0.006096875
127,31.59017195303457,1.6516517749159236,24.555622338676663,0.006096875
128,31.54702763681254,1.779498968855966,24.626351316915823,0.006096875
129,31.5024456478806,1.9027743233229533,24.698969541104393,0.006096875
130,31.45662433669329,2.0220367502456376,24.773199948170255,0.006096875
131,31.409724805093077,2.1377359999926373,24.848821208162576,0.006096875
132,31.361880064787883,2.2502404195879895,24.92565323211865,0.006096875
133,31.313201479304993,2.3598562373871546,25.00354718769729,0.006096875
134,31.263783416000223,2.466841338418333,25.082378419976173,0.006096875
135,31.213706682247032,2.5714153412691765,25.162041307247357,0.006096875
136,31.163041113863187,2.6737671230128206,25.242445442577992,0.006096875
137,31.111847558771345,2.7740605407139567,25.32351274628968,0.006096875
138,31.060179420498542,2.8724388515140133,25.405175246322816,0.006096875
139,31.125501955133135,2.3956657531440224,25.404685308693395,0.006096875
140,31.20572460221693,1.941728711866781,25.39991181200673,0.006096875
141,31.305259963125707,1.5171030087986164,25.38958489991214,0.006096875
142,31.43008070614404,1.1306038381218158,25.371976389782066,0.006096875
143,31.587862615107973,0.7936593489338171,25.344846769992927,0.006096875
144,31.78713426273432,0.5191580766397873,25.305671978181643,0.006096875
145,31.769562577933662,0.7258748898743255,25.33624193449708,0.006096875
146,31.74462505833661,0.9093961769164954,25.378679640573573,0.006096875
147,31.714539932472317,1.077070096472864,25.428915920041064,0.006096875
148,31.680604463016824,1.2329967327443934,25.484747416121486,0.006096875
149,31.643658271131493,1.3797448841664945,25.54482326672636,0.006096875
150,31.6042830821292,1.5190516496551132,25.608245101793695,0.006096875
151,31.56290226295455,1.6521574337416627,25.674379982773832,0.006096875
152,31.519835644012765,1.7799849591519505,25.74276229514031,0.006096875
153,31.475332028610072,1.903242900234789,25.81303781287452,0.006096875
154,31.429589603031076,2.0224896748840915,25.884929705277518,0.006096875
155,31.382769347061693,2.138174669565804,25.958216808410906,0.006096875
156,31.33500417953343,2.250665956589803,26.03271915436702,0.006096875
157,31.28640539189391,2.360269552583339,26.108288000446457,0.006096875
158,31.237067294602298,2.467243176477598,26.184798758835264,0.006096875
159,31.187070649453,2.5718063145570507,26.262145858400615,0.006096875
160,31.13648525527553,2.674147737103416,26.340238930413978,0.006096875
161,31.085371929630494,2.774431213976839,26.4189999239844,0.006096875
162,31.033784050866846,2.87279993037844,26.498360888561905,0.006096875
163,31.099151211720052,2.3960450014272063,26.49556715208095,0.006096875
164,31.179414205548678,1.942119971386283,26.488495639041655,0.006096875
165,31.278983711261755,1.517497297016818,26.47587694367659,0.006096875
166,31.403829690005104,1.1309881457220567,26.455983530126765,0.006096875
167,31.56162469691524,0.7940157562937885,26.42657665437479,0.006096875
168,31.76089519511301,0.5194652022348495,26.385132686711593,0.006096875
169,31.74339174503555,0.7261405325295659,26.413451202938347,0.006096875
170,31.71852640845001,0.9096344127349034,26.45363471549273,0.006096875
171,31.68851555331623,1.0772881886181407,26.50161789923914,0.006096875
172,31.654655584873513,1.23319897939816,26.555198992754384,0.006096875
173,31.617785665548322,1.3799340544074625,26.61302792279146,0.006096875
174,31.578487249788783,1.519229632067444,26.67420675566786,0.006096875
175,31.53718353292497,1.6523255688316347,26.738102813426007,0.006096875
176,31.49419423070808,1.7801442258561737,26.804250645779607,0.006096875
177,31.449768066607053,1.9033940279749448,26.872296134243204,0.006096875
178,31.40410316943481,2.0226332146036086,26.941962520365664,0.006096875
179,31.357360476462603,2.1383110407579924,27.013028689493858,0.006096875
180,31.309672874348205,2.250795479565133,27.08531470750102,0.006096875
181,31.261151629717986,2.3603924712838444,27.15867185467183,0.006096875
182,31.21189103356364,2.4673596750256794,27.232975558458783,0.006096875
183,31.161971832191774,2.571916529527192,27.30812025735381,0.006096875
184,31.111463811956,2.6742517667989025,27.384015588047696,0.006096875
185,31.06042778025671,2.774529125561834,27.46058350188085,0.006096875
186,31.008917107088255,2.8728917654439257,27.537756048081885,0.006096875
187,31.0743331005913,2.3961621764468957,27.532772192265465,0.006096875
188,31.154642899562973,1.9422596273807327,27.523515478463285,0.006096875
189,31.25425613311699,1.5176550454773403,27.508716709870242,0.006096875
190,31.379141176342007,1.1311572575226836,27.486648684122645,0.006096875
191,31.536968462000925,0.7941863090343931,27.455073112304614,0.006096875
192,31.736262493482602,0.5196241925733542,27.411466753550656,0.006096875
193,31.718828438325957,0.7262759865392857,27.43763736658017,0.006096875
194,31.694034504066966,0.909753759739533,27.475673682650008,0.006096875
195,31.664096075365396,1.0773952428252118,27.521512372132683,0.006096875
196,31.630309105294,1.23329598048546,27.572952492242376,0.006096875
197,31.59351251506226,1.3800224294222239,27.62864436953027,0.006096875
198,31.55428761719397,1.519310339785481,27.68769028790509,0.006096875
199,31.513057517476764,1.6523992763531823,27.749457696540368,0.006096875
200,31.47014187213087,1.7802114077562532,27.81348122292394,0.006096875
201,31.425789363402053,1.9034550259190002,27.87940679742839,0.006096875
202,31.380198090613987,2.0226882751728983,27.94695769255028,0.006096875
203,31.33352896937569,2.138360340514522,28.01591281298265,0.006096875
204,31.285914870078855,2.2508391422670107,28.086092236148307,0.006096875
205,31.237467046908364,2.36043058007074,28.15734724847866,0.006096875
206,31.18827978118991,2.4673922812681512,28.229553279730187,0.006096875
207,31.13843381161969,2.5719436593970326,28.302604767904175,0.006096875
208,31.08799891849017,2.6742734262423693,28.376411347129515,0.006096875
209,31.03703590432674,2.7745453041283414,28.450894964623867,0.006096875
210,30.98559813516929,2.872902439278068,28.525987664299752,0.006096875
211,31.05106199723765,2.396198197798189,28.518922733810278,0.006096875
212,31.131418410009733,1.9423192679104966,28.5075894345924,0.006096875
213,31.23107627396833,1.5177355214413109,28.49071869599251,0.006096875
214,31.356002809106833,1.131254088980957,28.46658353705201,0.006096875
215,31.513866794276733,0.7942925416599346,28.432946002737133,0.006096875
216,31.713190966185703,0.5197301340727617,28.38728319888266,0.006096875
217,31.695823713055468,0.7263643968329726,28.411410002339974,0.006096875
218,31.67109791270041,0.9098297301552467,28.447404268415667,0.006096875
219,31.641228274728693,1.0774613784455775,28.491204014051235,0.006096875
220,31.60751044231098,1.2333538030369584,28.54060884426578,0.006096875
221,31.57078317171673,1.3800729012617694,28.594269350215313,0.006096875
222,31.531627678710908,1.5193541008085576,28.651287957686954,0.006096875
223,31.490467008253965,1.6524367655290635,28.711032197040957,0.006096875
224,31.44762077629839,1.780242931390804,28.77303674396872,0.006096875
225,31.403337637344166,1.903480798716367,28.836947557801707,0.006096875
226,31.357815670980152,2.022708446301109,28.902487928124557,0.006096875
227,31.311215778412798,2.1383750108869273,28.96943676906193,0.006096875
228,31.26367081929859,2.250848376418598,29.03761416234534,0.006096875
229,31.21529203967964,2.36043441456972,29.106871395181297,0.006096875
230,31.16617371461465,2.467390730828772,29.17708389560002,0.006096875
231,31.116396577917286,2.5719367214213995,29.248146098066876,0.006096875
232,31.066030406037548,2.6742610842609076,29.319967631840697,0.006096875
233,31.01513599845129,2.7745275304505124,29.39247043826961,0.006096875
234,30.963766718761725,2.872879197065589,29.465586554637614,0.006096875
235,31.029276317582063,2.396198870185716,29.456544196264247,0.006096875
236,31.109677598471738,1.9423426895488372,29.443237649640835,0.006096875
237,31.209378906286112,1.5177797257053947,29.42439792899504,0.006096875
238,31.334346548097106,1.1313157732620243,29.398298216134496,0.006096875
239,31.492247934626203,0.7943663637084732,29.362700821206722,0.006096875
240,31.691604215076666,0.5198083090674158,29.315083159825974,0.006096875
241,31.674300363659974,0.7264280539469363,29.337266371581773,0.006096875
242,31.649638952288864,0.9098827511571603,29.37131924006379,0.006096875
243,31.619834174877404,1.0775057450348977,29.413180795523633,0.006096875
244,31.586181438155787,1.2333906687514484,29.460651052218036,0.006096875
245,31.549519372789298,1.3801029919347232,29.512380797042205,0.006096875
246,31.510429121041952,1.5193778956627344,29.567472559302445,0.006096875
247,31.469333681810618,1.6524545900973784,29.625293927425982,0.006096875
248,31.426552640667147,1.7802550097180982,29.68537961055615,0.006096875
249,31.382334631270876,1.9034872847671438,29.747375587165447,0.006096875
250,31.336877718463594,2.0227094439018725,29.811005157185516,0.006096875
251,31.290342792753876,2.1383705869515848,29.876047239437867,0.006096875
252,31.242862705879457,2.250838570040074,29.942321916586224,0.006096875
253,31.194548697923757,2.3604192434614197,30.00968047418326,0.006096875
254,31.145495039401318,2.4673701960073684,30.077998336783523,0.006096875
255,31.095782460622853,2.5719108106875264,30.147169934064898,0.006096875
256,31.045480735314783,2.6742297748368773,30.217104889536973,0.006096875
257,30.994650660821808,2.7744907910135033,30.287725138082006,0.006096875
258,30.94334559907193,2.872836989338644,30.35896270997749,0.006096875
259,31.008898550666895,2.3961789436878034,30.348041271425217,0.006096875
260,31.089342568651592,1.9423442459336102,30.332859563704623,0.006096875
261,31.189085561483548,1.5178013399497015,30.31214865898675,0.006096875
262,31.314093094719947,1.1313549385239554,30.28418186221267,0.006096875
263,31.472031422936013,0.7944188545236097,30.246721699819958,0.006096875
264,31.671420265133538,0.5198677108033856,30.197245865331652,0.006096875
265,31.65417629121025,0.7264749994502777,30.217581047798063,0.006096875
266,31.629575514270414,0.909920303758546,30.249788310769,0.006096875
267,31.599831720362832,1.0775354654654181,30.289807473707818,0.006096875
268,31.566240129446168,1.233413462686826,30.33543886720943,0.006096875
269,31.52963927315061,1.3801194266920889,30.38533342790655,0.006096875
270,31.49061023593025,1.5193883434389817,30.43859376311738,0.006096875
271,31.44957598056478,1.652459301476699,30.494587504051538,0.006096875
272,31.40685606889621,1.780254154973868,30.552849383624334,0.006096875
273,31.362699118379833,1.9034809787156572,30.613025393069563,0.006096875
274,31.31730318245344,2.022697761685984,30.674838838340744,0.006096875
275,31.27082914340546,2.138353574510186,30.738068639969367,0.006096875
276,31.223409846934295,2.2508162513067496,30.802534879468674,0.006096875
277,31.17515652861854,2.360391625465962,30.86808883928556,0.006096875
278,31.12616345557247,2.467337272585393,30.934605939497867,0.006096875
279,31.076511355516978,2.571872565238633,31.001980604325375,0.006096875
280,31.02627000019372,2.67418618241548,31.07012245110406,0.006096875
281,30.97550018542047,2.7744418199410132,31.13895340801336,0.006096875
282,30.92425527194931,2.8727826024654584,31.208405498231343,0.006096875
283,30.9898491681917,2.396145264764136,31.195698290726817,0.006096875
284,31.070333701192745,1.9423307450296463,31.178734499716878,0.006096875
285,31.170116433755982,1.5178069930840825,31.15624523558944,0.006096875
286,31.295162322683073,1.1313778363842337,31.126503896655205,0.006096875
287,31.45313663542758,0.7944556244695636,31.087273187636892,0.006096875
288,31.65255779781444,0.519913009415847,31.036031052408912,0.006096875
289,31.635370229302122,0.7265094596039091,31.05460912528882,0.006096875
290,31.610826442064045,0.9099463688208169,31.085061834315677,0.006096875
291,31.581139896003666,1.0775543776196812,31.123329619284988,0.006096875
292,31.54760566193135,1.2334259403650776,31.16721305728989,0.006096875
293,31.511062192552814,1.3801259177520242,31.215363200221805,0.006096875
294,31.47209052637717,1.51938913968987,31.266882714366357,0.006096875
295,31.431113597579387,1.6524545974602423,31.32113926236004,0.006096875
296,31.38845094928793,1.7802440809962408,31.3776675937449,0.006096875
297,31.34435118624557,1.9034656207277776,31.436113707846864,0.006096875
298,31.2990123529989,2.022677173910826,31.496200913511846,0.006096875
299,31.25259532547485,2.1383277878201365,31.557708130853317,0.006096875
300,31.20523294473913,2.2507852789849516,31.620455438782006,0.006096875
301,31.157036442951107,2.3603554672901517,31.68429411565753,0.006096875
302,31.10810008467639,2.4672959177982556,31.74909957643596,0.006096875
303,31.058504595724223,2.5718259947569235,31.814766239479706,0.006096875
304,31.00831974639802,2.674134370505131,31.8812037157352,0.006096875
305,30.957606331434263,2.7743847355091984,31.948333926601933,0.006096875
306,30.906417710776147,2.872720210072332,32.016088888188285,0.006096875
307,30.972050188302997,2.3961021144910837,32.00168446449218,0.006096875
308,31.052573014812598,1.9423065102844455,31.983026930625865,0.006096875
309,31.152393478778496,1.5178009572916273,31.95884742023288,0.006096875
310,31.277476034195526,1.1313885542005278,31.927419401881064,0.006096875
311,31.435485099585872,0.7944803955128631,31.886505728156727,0.006096875
312,31.63493792731283,0.5199473519153603,31.83358456933207,0.006096875
313,31.61780340035675,0.7265342953367092,31.8504919884237,0.006096875
314,31.593313104639186,0.9099636536734421,31.879276669325836,0.006096875
315,31.563680238224418,1.0775651034982658,31.91587954004059,0.006096875
316,31.530199752366993,1.2334306787740734,31.958101369649693,0.006096875
317,31.49371003665478,1.380125022982005,32.004593298474326,0.006096875
318,31.454792092968784,1.5193828407442966,32.05445803700609,0.006096875
319,31.413868832771218,1.6524430452440262,32.10706327055142,0.006096875
320,31.371259784405577,1.7802273748374056,32.16194375980627,0.006096875
321,31.327213542632116,1.9034438243420435,32.21874550864457,0.006096875
322,31.281928145067223,2.022650325543573,32.27719182645818,0.006096875
323,31.23556446272362,2.1382959069762646,32.33706163137436,0.006096875
324,31.188255333127223,2.2507483710581715,32.39817499865758,0.006096875
325,31.14011198585901,2.3603135268452036,32.46038320190083,0.006096875
326,31.09122868359395,2.4672489309588617,32.52356165051953,0.006096875
327,31.0416861507517,2.5717739409822493,32.58760475678989,0.006096875
328,30.991554156616893,2.674077223937278,32.652422125181204,0.006096875
329,30.940893495185307,2.774322466012922,32.717935670332324,0.006096875
330,30.88975752587048,2.8726527840494978,32.784077401383726,0.006096875
331,30.95542629399031,2.3960525740282486,32.768059819898866,0.006096875
332,31.035985232261655,1.942274683744674,32.74779240674717,0.006096875
333,31.135841411441138,1.5177863655133002,32.72200630741455,0.006096875
334,31.260958868161314,1.13139011531417,32.6889750426215,0.006096875
335,31.41900128619636,0.7944959443676818,32.64646158821083,0.006096875
336,31.618484849585382,0.5199731072321415,32.59194431991235,0.006096875
337,31.601400132001224,0.7265516600722036,32.60726328461733,0.006096875
338,31.576959990002045,0.9099741959015731,32.63446216243136,0.006096875
339,31.547377411021447,1.0775696161852582,32.669482265023746,0.006096875
340,31.51394725031168,1.2334296167882104,32.710124510451756,0.006096875
341,31.47750784691372,1.3801186664765417,32.755040106368284,0.006096875
342,31.43864017348228,1.519371369087411,32.80333179591428,0.006096875
343,31.397767123441447,1.6524265749750253,32.85436728025067,0.006096875
344,31.355208213461776,1.7802059810029647,32.90768132700147,0.006096875
345,31.31121203047954,1.9034175533417168,32.962919941881275,0.006096875
346,31.265976606727975,2.0226192032919004,33.01980643306245,0.006096875
347,31.219662809444756,2.138259944320025,33.07811971553139,0.006096875
348,31.172403473473572,2.2507075675037194,33.13767986016276,0.006096875
349,31.124309826475134,2.3602678732018605,33.19833813532508,0.006096875
350,31.0754761297468,2.467198411262694,33.259969944638414,0.006096875
351,31.02598310672418,2.5717185339276907,33.322469694185955,0.006096875
352,30.975900525997606,2.6740169039634236,33.38574698196351,0.006096875
353,30.92528918108442,2.77425720414202,33.44972371593623,0.006096875
354,30.874202431082526,2.872582548544065,33.51433189842689,0.006096875
355,30.939905286212444,2.3959989696303863,33.496780969398806,0.006096875
356,31.02049821606623,1.9422376563057269,33.47498330741086,0.006096875
357,31.12038811873886,1.517765618851335,33.44767006112866,0.006096875
358,31.245538682722866,1.1313848524860586,33.41311478923789,0.006096875
359,31.403612951988208,0.7945044276607242,33.36908057084103,0.006096875
360,31.603126135078345,0.5199921278448307,33.313045968718576,0.006096875
361,31.586088138006495,0.7265632344104047,33.32685462819714,0.006096875
362,31.561694977674676,0.9099795824086466,33.352545844549034,0.006096875
363,31.532159471820272,1.077569449150477,33.38606123016266,0.006096875
364,31.49877639850982,1.2334242581915917,33.42520181804916,0.006096875
365,31.462384056271006,1.3801083375574699,33.46861886657281,0.006096875
366,31.423563394432836,1.5193562098891191,33.515415142468534,0.006096875
367,31.382737292102167,1.6524066749204673,33.56495835744969,0.006096875
368,31.340225256749076,1.780181396085458,33.61678328281225,0.006096875
369,31.29627586919692,1.9033883164766643,33.67053592405386,0.006096875
370,31.25108715751928,2.022585330895777,33.72593958681172,0.006096875
371,31.204819986077034,2.1382214406779867,33.78277318209565,0.006096875
372,31.1576071877057,2.2506644277755377,33.84085677587781,0.006096875
373,31.109559988660962,2.3602200855543893,33.90004163101281,0.006096875
374,31.06077264926275,2.467145958422281,33.96020314519504,0.006096875
375,31.01132589227749,2.5716613943359006,34.021235718300325,0.006096875
376,30.9612894858517,2.673955052654322,34.083048941921774,0.006096875
377,30.910724223225863,2.7741906134196297,34.1455647174864,0.006096875
378,30.85968346334548,2.8725111885134806,34.20871504068474,0.006096875
379,30.925418297207283,2.3959430800815,34.18970655549292,0.006096875
380,31.00604317367476,1.9421972711751945,34.16645426938779,0.006096875
381,31.10596485403594,1.517740582036389,34.13768932771422,0.006096875
382,31.231146734864815,1.1313745897567424,34.10168531603946,0.006096875
383,31.38925129966363,0.7945075428314564,34.05620540043049,0.006096875
384,31.588792863851886,0.5200058816105384,33.99872831445688,0.006096875
385,31.571798647443785,0.7265703461419253,34.01110096599934,0.006096875
386,31.54744946351535,0.9099810631664708,34.03535878567484,0.006096875
387,31.517957992860246,1.0775658065986886,34.06744362079436,0.006096875
388,31.484618951404315,1.2334157803203822,34.10515659243801,0.006096875
389,31.448270605175814,1.3800951988007963,34.147148996612025,0.006096875
390,31.40949388488401,1.5193385191599125,34.192523616570405,0.006096875
391,31.368711658280812,1.6523845002812207,34.24064817047255,0.006096875
392,31.326243425599834,1.7801547786215772,34.291057430795995,0.006096875
393,31.28233776290749,1.9033572786524549,34.34339740127528,0.006096875
394,31.23719269508417,2.0225498818663783,34.397391384049186,0.006096875
395,31.190969084321026,2.138181579816788,34.45281828556499,0.006096875
396,31.143799761974105,2.2506201471026217,34.5094981665586,0.006096875
397,31.095795953296427,2.3601713714598853,34.56728228421206,0.006096875
398,31.047051917941317,2.467092792921464,34.62604603025915,0.006096875
399,30.997648378249213,2.5716037560038987,34.68568379842291,0.006096875
400,30.947655102115302,2.673892917335983,34.746105174015455,0.006096875
401,30.89713288265668,2.7741239547779304,34.80723205209704,0.006096875
402,30.846135078789946,2.872439978459747,34.86899642193493,0.006096875
403,30.91189988281921,2.3958862659072078,34.848602367174614,0.006096875
404,30.992554744763382,1.9421549517287204,34.823967288489655,0.006096875
405,31.092506317592168,1.5177127073221834,34.79382232310915,0.006096875
406,31.21771775169806,1.1313607587230254,34.7564410748715,0.006096875
407,31.375851036703573,0.7945066319495319,34.709586783504065,0.006096875
408,31.5754196683325,0.5200155376904941,34.650738338931525,0.006096875
409,31.55846644365943,0.7265740490702957,34.6617456173568,0.006096875
410,31.534158395962375,0.909979626498856,34.68464062397888,0.006096875
411,31.504708095285856,1.0775596370506557,34.715365388945074,0.006096875
412,31.471410207437422,1.2334051070255991,34.751721100218546,0.006096875
413,31.435102972341546,1.3800801590778864,34.79235908120904,0.006096875
414,31.396367305837224,1.5193191973438431,34.83638212619237,0.006096875
415,31.355626066676486,1.65236094767106,34.88315795661869,0.006096875
416,31.31319874941407,1.780127024700526,34.932221344263816,0.006096875
417,31.26933392643126,1.9033253378474033,34.98321828995671,0.006096875
418,31.22422962017654,2.0225137578461663,35.03587209165278,0.006096875
419,31.17804669122627,2.1381412683473875,35.08996165084592,0.006096875
420,31.130917969869632,2.2505756380134376,35.14530702284217,0.006096875
421,31.082954680669467,2.360122650039706,35.20175945909274,0.006096875
422,31.03425108285241,2.4670398409355108,35.25919434540869,0.006096875
423,30.984887898519307,2.5715465524516423,35.31750606946796,0.006096875
424,30.934934895460206,2.67383143902692,35.376604210459824,0.006096875
425,30.884452866784557,2.774058176776665,35.436410657274614,0.006096875
426,30.833495171472087,2.8723698744352912,35.49685739298259,0.006096875
427,30.89928803862026,2.395829562105389,35.475146150906546,0.006096875
428,30.979971013851127,1.9421117936307448,35.44919651717352,0.006096875
429,31.07995066438964,1.5176831240963689,35.4177396174492,0.006096875
430,31.205189931695624,1.1313444829631727,35.37904906720722,0.006096875
431,31.363350367633174,0.7945027573963392,35.33088816895748,0.006096875
432,31.56294471396053,0.5200220294661413,35.27073595611318,0.006096875
433,31.546029842300403,0.726575180886365,35.28044501419251,0.006096875
434,31.52176025219923,0.9099760545092644,35.302044295535204,0.006096875
435,31.492348423871977,1.0775516876605806,35.33147597203131,0.006096875
436,31.45908898259958,1.233392962669343,35.366541281905704,0.006096875
437,31.42282014729761,1.3800639277371363,35.40589156799853,0.006096875
438,31.38412282191551,1.5192989440296512,35.44862963136846,0.006096875
439,31.343419858072984,1.652336710599966,35.49412319435904,0.006096875
440,31.30103074587718,1.780098824395405,35.54190702664271,0.006096875
441,31.25720405486844,1.903293182621834,35.59162712532102,0.006096875
442,31.212137805660586,2.0224776472928783,35.64300678369952,0.006096875
443,31.165992857647858,2.138101195656311,35.69582489808145,0.006096875
444,31.11890204037298,2.2505315915687327,35.74990151825766,0.006096875
445,31.070976577949207,2.3600746145539877,35.805087889967936,0.006096875
446,31.022310729359795,2.4669877982766435,35.86125939319397,0.006096875
447,30.97298521660733,2.57149048225907,35.91831040971457,0.006096875
448,30.923069807486375,2.673771319180203,35.976150512781956,0.006096875
449,30.872625295184303,2.773993983757894,36.03470158533072,0.006096875
450,30.821705038811263,2.8723015836136936,36.0938956044703,0.006096875
451,30.887524163475362,2.3957737484104253,36.07093214111651,0.006096875
452,30.96823347130767,1.942068634774512,36.04373278293176,0.006096875
453,31.068239461603316,1.5176527070456853,36.01102864163343,0.006096875
454,31.193504897247106,1.1313266423808044,35.971093339272436,0.006096875
455,31.35169093983597,0.7944967596606377,35.921690232237246,0.006096875
456,31.551309636226467,0.5200261026928217,35.860298485914655,0.006096875
457,31.534430626485968,0.7265744074998483,35.86877316609823,0.006096875
458,31.51019697204273,0.9099709655722706,35.889140489645975,0.006096875
459,31.48082107994952,1.0775425458886179,35.91734273792753,0.006096875
460,31.44759754259326,1.2333799135813968,35.95118118646872,0.006096875
461,31.41136456192755,1.3800470562318996,35.989307191380284,0.006096875
462,31.372703032374396,1.519278300013009,36.030823557272335,0.006096875
463,31.332035799896545,1.6523123221562745,36.07509800558699,0.006096875
464,31.28968235112249,1.7800707051998017,36.12166530287514,0.006096875
465,31.245891253413276,1.9032613364083752,36.170171441941946,0.006096875
466,31.20086052601327,2.0224420706975703,36.220339711149244,0.006096875
467,31.1547510274699,2.138061880106983,36.27194900149131,0.006096875
468,31.107695586825468,2.2504885245876,36.324819357242745,0.006096875
469,31.059805427927202,2.3600277806832035,36.37880201851067,0.006096875
470,31.011174809653433,2.4669371797532906,36.43377235958182,0.006096875
471,30.961884454013575,2.571436059518621,36.48962475651093,0.006096875
472,30.91200412888734,2.6737130712395145,36.54626877681701,0.006096875
473,30.86159462760199,2.7739318885115782,36.603626297704714,0.006096875
474,30.81070930944564,2.872235618067075,36.661629290564775,0.006096875
475,30.876552986044327,2.3957194036867633,36.637475332682634,0.006096875
476,30.95728693796815,1.9420261095006337,36.6090878497398,0.006096875
477,31.057317610566248,1.5176221290706533,36.57519793795675,0.006096875
478,31.18260761289935,1.131307923221321,36.53407922216382,0.006096875
479,31.340817756645706,0.7944893023287306,36.48349510533395,0.006096875
480,31.540459447019543,0.5200283530435169,36.420924874484655,0.006096875
481,31.523613951835113,0.726572257607753,36.428225872277544,0.006096875
482,31.499413862101793,0.9099648474710914,36.4474218516145,0.006096875
483,31.47007152494498,1.0775326720035292,36.47445517817915,0.006096875
484,31.43688150590976,1.2333664003971376,36.50712715477632,0.006096875
485,31.40068199318965,1.380029970595754,36.54408914608038,0.006096875
486,31.36205387354241,1.5192576801143658,36.58444395782438,0.006096875
487,31.32141998843338,1.652288188312023,36.62755930923589,0.006096875
488,31.279099821770615,1.7800430659257003,36.672969963029544,0.006096875
489,31.235341939250464,1.9032301920800614,36.72032190734475,0.006096875
490,31.190344359107478,2.0224074158808483,36.76933842544066,0.006096875
491,31.144267939299365,2.1380237051074755,36.81979840297762,0.006096875
492,31.09724550855493,2.2504468165193026,36.87152187877703,0.006096875
493,31.049388290593104,2.359982524228133,36.92436008743658,0.006096875
494,31.000790544289757,2.466888357715785,36.978188397713176,0.006096875
495,30.95153299173796,2.5713836532390477,37.032901180132455,0.006096875
496,30.90168540096004,2.673657060909135,37.08840799669656,0.006096875
497,30.851308565466223,2.773872253416428,37.14463071911262,0.006096875
498,30.80045584475469,2.872172336779749,37.201501313296674,0.006096875
499,30.866322465333564,2.3956669484833144,37.17621551501413,0.006096875
500,30.947079464294998,1.941984691070819,37.14669844200933,0.006096875
501,31.047133243941317,1.5175919027910416,37.11168117411201,0.006096875
502,31.172446279691716,1.1312888573541493,37.0694373361397,0.006096875
503,31.330679067722592,0.794480907466144,37.01773037167006,0.006096875
504,31.530342419784528,0.5200292556777681,36.95403968003009,0.006096875
505,31.513528230705937,0.7265691499158256,36.9602246993795,0.006096875
506,31.489359479455246,0.9099580834879409,36.978306951947786,0.006096875
507,31.460048463693596,1.0775224246690207,37.00422886827223,0.006096875
508,31.426889726900225,1.2333527635104684,37.03579177077161,0.006096875
509,31.390721446028554,1.3800129970001813,37.071647029139186,0.006096875
510,31.35212450163348,1.519237399003258,37.11089744844449,0.006096875
511,31.311521731588115,1.652264614128228,37.1529107447694,0.006096875
512,31.269232617668546,1.7800162033727422,37.19722167651811,0.006096875
513,31.22550572430315,1.9032000391448705,37.2434762269518,0.006096875
514,31.180539068991514,2.022373965758486,37.29139767417308,0.006096875
515,31.13449350929603,2.137986947481631,37.34076489855486,0.006096875
516,31.0875018737717,2.2504067384456596,37.391397933577245,0.006096875
517,31.03967538611055,2.3599391107626917,37.44314800848492,0.006096875
518,30.991108305259942,2.4668415923735982,37.49589048669193,0.006096875
519,30.9418813534506,2.5713335183367882,37.54951973340305,0.006096875
520,30.892064298886954,2.6736035378260334,37.603945305327365,0.006096875
521,30.84171793529038,2.7738153227965148,37.659089068909715,0.006096875
522,30.790895622389165,2.872111978690994,37.714882984834624,0.006096875
523,30.856783673543024,2.3956166785516624,37.688521084874075,0.006096875
524,30.937562212209865,1.9419447251698678,37.65793004806568,0.006096875
525,31.037637606062752,1.5175624133287404,37.62184093746452,0.006096875
526,31.16297221333591,1.1312698533415135,37.578527375882935,0.006096875
527,31.32122624417929,0.7944719836404536,37.525752842599246,0.006096875
528,31.520909960590743,0.5200291886966363,37.46099684082259,0.006096875
529,31.50412500265082,0.7265654147242554,37.466120741878086,0.006096875
530,31.479985501775587,0.9099509730857481,37.48314403860246,0.006096875
531,31.450703714386897,1.0775120812193033,37.50800921150715,0.006096875
532,31.417574165644204,1.2333392632374014,37.53851759684839,0.006096875
533,31.381435023231113,1.37999638199535,37.57332056672263,0.006096875
534,31.34286716263695,1.5192176916449105,37.61152092426014,0.006096875
535,31.302293418843185,1.6522418244982227,37.65248638176852,0.006096875
536,31.260033271946085,1.779990333434282,37.69575169305682,0.006096875
537,31.21633528540806,1.903171085263298,37.740962836418255,0.006096875
538,31.171397476200784,2.022341920307026,37.78784308482633,0.006096875
539,31.125380701635738,2.1379517999101054,37.836171313467304,0.006096875
540,31.07841779019608,2.250368476018105,37.88576755062867,0.006096875
541,31.030619965619298,2.3598977190822787,37.93648302038193,0.006096875
542,30.98208148697564,2.4667970557661,37.98819308100017,0.006096875
543,30.932883076669683,2.5712858201371107,38.04079209258401,0.006096875
544,30.883094503112883,2.673552660596626,38.09418960677709,0.006096875
545,30.832776560254658,2.7737612484967378,38.14830748499655,0.006096875
546,30.78198260806369,2.872054688810553,38.2030776829358,0.006096875
547,30.84789066739355,2.395568791381522,38.17569265308009,0.006096875
548,30.928689325691323,1.9419064564699349,38.144080518186215,0.006096875
549,31.028784922425412,1.517533944341032,38.106972324543875,0.006096875
550,31.154139712061056,1.131251221147236,38.06264169160165,0.006096875
551,31.31241364406915,0.7944628482417517,38.00885213031398,0.006096875
552,31.51211647045928,0.5200284518559549,37.94308324013192,0.006096875
553,31.495358796359195,0.7265613111413389,37.9471981797324,0.006096875
554,31.471246589112223,0.9099437483929166,37.9632145869702,0.006096875
555,31.441992070320296,1.0775018538124563,37.98707498112286,0.006096875
556,31.408889749739053,1.233326095873077,38.01658070801701,0.006096875
557,31.372777787309538,1.379980308621926,38.050383140276296,0.006096875
558,31.334237054332267,1.5191987295696248,38.08758507822103,0.006096875
559,31.293690383433027,1.652219980647308,38.12755422999523,0.006096875
560,31.251457253371104,1.77996560788006,38.16982534467593,0.006096875
561,31.20778622686924,1.903143473353112,38.214044395593795,0.006096875
562,31.162875320523984,2.0223114140198137,38.25993465068305,0.006096875
563,31.11688539150046,2.137918388759645,38.30727498008474,0.006096875
564,31.069949268281924,2.2503321476766933,38.35588540706864,0.006096875
565,31.02217817470086,2.359858459824807,38.405617150729974,0.006096875
566,30.973666369983874,2.4667548507946133,38.456345564411876,0.006096875
567,30.92449457673158,2.5712406538234958,38.50796500333208,0.006096875
568,30.874732563576266,2.6735045166676956,38.560385014296436,0.006096875
569,30.824441124702894,2.7737101101778654,38.61352745392681,0.006096875
570,30.773673620323905,2.8720005389389054,38.667324273161114,0.006096875
571,30.83960035259396,2.3955234072941245,38.638966458588754,0.006096875
572,30.92041779473055,1.9418700497843127,38.60638347062448,0.006096875
573,31.020532262825178,1.5175066987866257,38.568306339101404,0.006096875
574,31.14590591850938,1.131233191878995,38.52300867924607,0.006096875
575,31.304198472464837,0.794453745346879,38.46825403038482,0.006096875
576,31.503919202976917,0.5200272815710553,38.40152208126462,0.006096875
577,31.487186987059932,0.7265570408771267,38.40467764649726,0.006096875
578,31.46310024126249,0.9099365874044861,38.419736660740206,0.006096875
579,31.433871157332355,1.0774919023582576,38.44264167376279,0.006096875
580,31.40079423186916,1.2333134065349523,38.471194037897405,0.006096875
581,31.364707618242445,1.3799649092909907,38.50404512500616,0.006096875
582,31.326192184231417,1.5191806338720173,38.54029773204833,0.006096875
583,31.285670760510445,1.6521991933096418,38.57931956280224,0.006096875
584,31.24346282475708,1.779942127753217,38.62064536159114,0.006096875
585,31.199816939120183,1.9031172952378663,38.66392109686144,0.006096875
586,31.15493111993081,2.0222825298304974,38.70887003164454,0.006096875
587,31.108966224280604,2.137886788299228,38.75527103120793,0.006096875
588,31.06205508070133,2.250297819172175,38.80294411399699,0.006096875
589,31.014308913151744,2.3598213903085723,38.851740494338,0.006096875
590,30.965821981034516,2.4667150263833295,38.901535520860605,0.006096875
591,30.916675007157366,2.5711980599267252,38.95222354412165,0.006096875
592,30.866937760378406,2.6734591381471056,39.003714106315186,0.006096875
593,30.81667103511907,2.773661931470853,39.05592905949623,0.006096875
594,30.765928191832874,2.8719495441561222,39.10880035007682,0.006096875
595,30.83187234495266,2.3954805862642146,39.079517602112965,0.006096875
596,30.912707316098075,1.9418356069715024,39.04601151770342,0.006096875
597,31.012839401537157,1.5174808155515769,39.00701311075787,0.006096875
598,31.138230678979763,1.1312159336240808,38.96079599181365,0.006096875
599,31.296540639304858,0.7944448600759447,38.90512372585432,0.006096875
600,31.496278120221543,0.5200258629998753,38.837476084592524,0.006096875
601,31.47956965236558,0.7265527593425961,38.83971941975436,0.006096875
602,31.45550665368044,0.9099296245961854,38.8538680954778,0.006096875
603,31.42630128985764,1.0774823449044915,38.87586468608474,0.006096875
604,31.393248046052364,1.233301299473563,38.90351054830171,0.006096875
605,31.35718506994843,1.3799502761171678,38.935457052403386,0.006096875
606,31.318693226303708,1.5191634856330887,38.970806991687674,0.006096875
607,31.27819534414002,1.65217953328643,39.00892806551044,0.006096875
608,31.23601090023875,1.7799199540987878,39.04935501350798,0.006096875
609,31.192388456292733,1.903092602571023,39.09173379937597,0.006096875
610,31.147526028442797,2.0222553102517447,39.13578768141335,0.006096875
611,31.10158447375515,2.1378570320676444,39.1812955202069,0.006096875
612,31.054696620839657,2.2502655151731137,39.228077329583385,0.006096875
613,31.00697369379876,2.35978652638692,39.27598431931355,0.006096875
614,30.958509952219774,2.4666775895873063,39.324891833531794,0.006096875
615,30.909386119120203,2.5711580366903455,39.37469421835484,0.006096875
616,30.85967196358248,2.673416514429471,39.42530101158716,0.006096875
617,30.80942828025972,2.7736166928643935,39.476634060939446,0.006096875
618,30.75870842983988,2.8719016759720164,39.52862530852088,0.006096875
619,30.82466883076714,2.395440341368985,39.49846311029756,0.006096875
620,30.905520153516786,1.9418031804807148,39.46407932294915,0.006096875
621,31.00566867707489,1.5174563828008094,39.424204945159076,0.006096875
622,31.131076402493264,1.1311995641931696,39.377113582612,0.006096875
623,31.28940261739137,0.7944363301702866,39.32056882371614,0.006096875
624,31.489155749265766,0.5200243398096873,39.252050517367145,0.006096875
625,31.4724694287931,0.7265485846125682,39.253426444649946,0.006096875
626,31.448428574131523,0.9099229594873882,39.26670951568028,0.006096875
627,31.419245327780043,1.077473266008333,39.287842325241655,0.006096875
628,31.38621416473222,1.2332898463755817,39.31462623309421,0.006096875
629,31.3501732276439,1.379936469232641,39.3457126074618,0.006096875
630,31.311703378618212,1.5191473342991704,39.38020423787513,0.006096875
631,31.271227445239653,1.6521610399278923,39.4174688193227,0.006096875
632,31.229064903523625,1.7798991165764146,39.457041086887486,0.006096875
633,31.185464314786763,1.9030694155999477,39.49856699968787,0.006096875
634,31.14062369502815,2.022229766305865,39.54176981148608,0.006096875
635,31.09470390131695,2.1378291219822843,39.58642837839492,0.006096875
636,31.04783776235636,2.250235228561532,39.6323627098356,0.006096875
637,31.000136502398785,2.3597538519371746,39.67942401123932,0.006096875
638,30.95169438121653,2.4666425152794424,39.72748762246221,0.006096875
639,30.902592122033,2.5711205499590237,39.77644788539853,0.006096875
640,30.852899494148332,2.673376602288139,39.82621433368013,0.006096875
641,30.80267729243885,2.7735743420018317,39.87670881089011,0.006096875
642,30.75197887781698,2.87185687282851,39.927863255050006,0.006096875
643,30.817954428452225,2.3954026495596663,39.89686484051879,0.006096875
644,30.89882099917131,1.9417727842293195,39.86164649928493,0.006096875
645,30.99898485342094,1.5174334487262207,39.82093921561904,0.006096875
646,31.124407921518156,1.1311841614036104,39.7730165904213,0.006096875
647,31.28274930230507,0.794428255357391,39.71564223368631,0.006096875
648,31.482517040933743,0.5200228220971245,39.64629606619902,0.006096875
649,31.46585137060995,0.7265446046856736,39.64684720040206,0.006096875
650,31.441831161723666,0.9099166635691908,39.65930719514846,0.006096875
651,31.412668535700647,1.0774647235018726,39.6796186630448,0.006096875
652,31.379657958314713,1.2332790930669473,39.70558296611063,0.006096875
653,31.343637567670733,1.3799235234922786,39.73585147033684,0.006096875
654,31.30518822347769,1.5191322044328588,39.7695269615303,0.006096875
655,31.26473275203183,1.6521437279610314,39.80597713045171,0.006096875
656,31.222590628669366,1.779879620387468,39.84473670781333,0.006096875
657,31.179010414380663,1.9030477302090019,39.8854516483597,0.006096875
658,31.134190125050594,2.0222058846963273,39.92784520152798,0.006096875
659,31.088290617764546,2.137803035648455,39.97169621917268,0.006096875
660,31.04144472132299,2.250206927887067,40.01682470652552,0.006096875
661,30.993763660126255,2.359723326464835,40.06308186489395,0.006096875
662,30.945341694125588,2.4666097539085046,40.11034303007021,0.006096875
663,30.896259546741717,2.571085541093094,40.158502539938624,0.006096875
664,30.846586987482073,2.6733393339480256,40.20746992416937,0.006096875
665,30.79638481143466,2.7735348019133075,40.25716702242712,0.006096875
666,30.74570637972427,2.871815048491616,40.30752576885359,0.006096875
667,30.81169605285094,2.39536746029694,40.27573223555575,0.006096875
668,30.89257683797436,1.9417444023493582,40.239720357495976,0.006096875
669,30.992754984119628,1.5174120302135796,40.198221105422164,0.006096875
670,31.118192355704306,1.13116977139402,40.149508075693404,0.006096875
671,31.27654787553282,0.7944207049434293,40.09134489837341,0.006096875
672,31.476329232037028,0.5200213928276138,40.02121156128061,0.006096875
673,31.459682812212954,0.726540883379313,40.02097841884466,0.006096875
674,31.435681849506118,0.9099107859223184,40.032655769719725,0.006096875
675,31.40653844579937,1.0774567539709816,40.052186242827794,0.006096875
676,31.373547058319065,1.233269064934265,40.07737120212686,0.006096875
677,31.337545820953103,1.3799114538901058,40.10686201140742,0.006096875
678,31.299115591194074,1.51911810116024,40.13976145290864,0.006096875
679,31.258679194147117,1.6521275929928365,40.17543721336534,0.006096875
680,31.216556104521953,1.779861451852558,40.213424019337616,0.006096875
681,31.172994883009594,1.9030275235849392,40.25336782141866,0.006096875
682,31.128193545392005,2.022183633571179,40.294991864942936,0.006096875
683,31.08231294877231,2.137778732228417,40.338074997726316,0.006096875
684,31.035485922043904,2.2501805633472975,40.3824372210275,0.006096875
685,30.987823689746627,2.359694891199491,40.42792973224322,0.006096875
686,30.93942051199997,2.466579237713736,40.47442786331172,0.006096875
687,30.890357112409735,2.5710529333040038,40.521825948314216,0.006096875
688,30.840703260677515,2.673304623543309,40.57003351316346,0.006096875
689,30.790519752089548,2.773497977596575,40.61897239380734,0.006096875
690,30.739859947969393,2.871776098755631,40.66857452070715,0.006096875
691,30.805862783279085,2.3953347024760125,40.63602493667214,0.006096875
692,30.886756815623674,1.941717996226198,40.59925851346877,0.006096875
693,30.986948280240284,1.5173921198396554,40.55700620925927,0.006096875
694,31.112398979602062,1.1311564153576545,40.50754161623323,0.006096875
695,31.270767671739332,0.7944137239807421,40.44862838326797,0.006096875
696,31.47056171196468,0.5200201130830205,40.37774656075254,0.006096875
697,31.453933234899328,0.7265374651261223,40.37676766339402,0.006096875
698,31.429950211484798,0.9099053577809709,40.387700810728994,0.006096875
699,31.400824725128746,1.077449377199284,40.40648864735644,0.006096875
700,31.367851224971172,1.2332597713155964,40.43093253919723,0.006096875
701,31.331867840905407,1.3799002599397494,40.459683848035404,0.006096875
702,31.29345542832035,1.5191050145701819,40.49184535278166,0.006096875
703,31.253036811187044,1.65211261594902,40.526784736391335,0.006096875
704,31.21093146361528,1.7798445829046732,40.56403672151493,0.006096875
705,31.167387946005924,1.9030087587754851,40.60324725482949,0.006096875
706,31.122604274036973,2.0221629671553236,40.64413957779463,0.006096875
707,31.076741304822203,2.137756157153565,40.68649253440779,0.006096875
708,31.02993186733704,2.2501560715844855,40.730126122169,0.006096875
709,30.98228718624796,2.3596684739795224,40.77489153477305,0.006096875
710,30.933901521828496,2.4665508856999416,40.82066410050824,0.006096875
711,30.884855597854866,2.571022636721564,40.867338149853246,0.006096875
712,30.83521918420795,2.6732723722780087,40.91482320516005,0.006096875
713,30.785053076357286,2.7734637612715494,40.963041098853544,0.006096875
714,30.734410635810523,2.8717399067919476,41.01192375790554,0.006096875
715,30.80042573604208,2.395304289976362,40.97865526301721,0.006096875
716,30.88133211117285,1.9416935101620358,40.941171362086685,0.006096875
717,30.981535982916807,1.5173736915233242,40.89820300164989,0.006096875
718,31.10699909504757,1.1311440949997797,40.84802377018947,0.006096875
719,31.265380050831556,0.7944073382839628,40.78839733435339,0.006096875
720,31.465185894234008,0.5200190263451349,40.71680380299268,0.006096875
721,31.448574138625094,0.7265343788821538,40.7151157762047,0.006096875
722,31.424607834639925,0.9099003962446462,40.72534126694599,0.006096875
723,31.39549904791916,1.0774425997759673,40.743422935512186,0.006096875
724,31.362542219813392,1.233251209058851,40.7671621500688,0.006096875
725,31.326575476357668,1.3798899292184978,40.79521027070593,0.006096875
726,31.28817967090016,1.5190929232678891,40.82667007330384,0.006096875
727,31.247777626303915,1.6520987666539346,40.86090923731572,0.006096875
728,31.205688816085424,1.7798289747076548,40.89746248174015,0.006096875
729,31.162161800351242,1.9029913883554175,40.935975749580145,0.006096875
730,31.117394594665207,2.0221438294709237,40.97617227864903,0.006096875
731,31.071548056138134,2.1377352459042003,41.01783090934454,0.006096875
732,31.024755013812147,2.250133379528463,41.060771635618146,0.006096875
733,30.977126692464182,2.3596439931608755,41.10484564766587,0.006096875
734,30.92875735250535,2.4665246076142595,41.149928270324075,0.006096875
735,30.87972771786585,2.5709945524400872,41.195913830661475,0.006096875
736,30.830107558589802,2.6732424725423725,41.24271184765848,0.006096875
737,30.779957670314378,2.773432036567368,41.290244150402664,0.006096875
738,30.729331414716142,2.8717063474069087,41.33844266255969,0.006096875
739,30.795357941928707,2.3952761261029947,41.30449056470605,0.006096875
740,30.876275814611272,1.9416708759297328,41.26632442511589,0.006096875
741,30.97649124094301,1.5173567050890748,41.22267517966182,0.006096875
742,31.101965908673023,1.1311327969625975,41.171816413643135,0.006096875
743,31.26035827524739,0.7944015585133354,41.11151181060717,0.006096875
744,31.46017509339819,0.5200181619969018,41.039241534077895,0.006096875
745,31.443578919138204,0.7265316413147026,41.03687920075126,0.006096875
746,31.41962819632667,0.9098959072993738,41.046431782209304,0.006096875
747,31.390534973269535,1.0774364180261566,41.063841954950554,0.006096875
748,31.357593683699893,1.2332433654060058,41.086911089853594,0.006096875
749,31.321642449864882,1.3798804402341664,41.11429054571103,0.006096875
750,31.283262123097003,1.5190817972439667,41.14508309571085,0.006096875
751,31.242875525154382,1.6520860067156053,41.178656416100374,0.006096875
752,31.200802128952137,1.7798145805672423,41.21454522249238,0.006096875
753,31.157290494288524,1.902975357370948,41.252395454459474,0.006096875
754,31.112538636596376,2.022126157320646,41.29193034639585,0.006096875
755,31.066707412965393,2.1377159270357136,41.332928735314105,0.006096875
756,31.019929652485875,2.2501124074688583,41.375210611821565,0.006096875
757,30.97231658002688,2.3596213607375764,41.41862716281269,0.006096875
758,30.923962456119074,2.4665003071164935,41.46305370986203,0.006096875
759,30.874948004829275,2.570968575739657,41.50838457681411,0.006096875
760,30.82534299634805,2.6732148111857925,41.55452927945904,0.006096875
761,30.775208226464237,2.7734026818474242,41.60140964372474,0.006096875
762,30.72459705700796,2.871675290419084,41.64895759014521,0.006096875
763,30.790634229001963,2.39525010713132,41.61435545644318,0.006096875
764,30.871562809763194,1.9416500164277248,41.57554057992388,0.006096875
765,30.97178899372297,1.517341109948159,41.53124388674829,0.006096875
766,31.097274414825915,1.1311224964114321,41.479738959592694,0.006096875
767,31.25567739273124,0.7943963834991381,41.41878949817162,0.006096875
768,31.455504407546137,0.5200175381862556,41.34587571718255,0.006096875
769,31.438922750714166,0.7265292594035303,41.34287218658887,0.006096875
770,31.41498654728109,0.9098918882769229,41.35178489549437,0.006096875
771,31.385907828442797,1.0774308203902727,41.36855653745496,0.006096875
772,31.35298102039233,1.2332362203294296,41.39098848666164,0.006096875
773,31.317044241610457,1.379871764741942,41.41773210106115,0.006096875
774,31.278678341411158,1.519071600187804,41.44789015151233,0.006096875
775,31.238306140433796,1.652074291846976,41.480830311363,0.006096875
776,31.196247110973125,1.7798013482683255,41.51608729310885,0.006096875
777,31.152749812498254,1.902960605699055,41.553307033133954,0.006096875
778,31.108012260289527,2.022109882673524,41.592212762636585,0.006096875
779,31.062195311394373,2.1376981245943543,41.6325833154529,0.006096875
780,31.015431794930763,2.2500930715031853,41.674238679044436,0.006096875
781,30.96783293584,2.3596004848239995,41.71703003719343,0.006096875
782,30.919492994753668,2.4664778842969204,41.760832708396094,0.006096875
783,30.87049269585725,2.5709445986403368,41.80554101345022,0.006096875
784,30.820901809470836,2.6731892721079555,41.85106446512885,0.006096875
785,30.770781131518845,2.773375572837651,41.89732488636999,0.006096875
786,30.72018402396972,2.87164660332476,41.94425419474244,0.006096875
787,30.786231110864172,2.395226125126268,41.90903393811003,0.006096875
788,30.867169662677306,1.941630848605989,41.86960217543103,0.006096875
789,30.967405859738403,1.5173268480630782,41.824689824083876,0.006096875
790,31.092901284046523,1.1311131599385258,41.77257046470123,0.006096875
791,31.25131412472931,0.7943918029476414,41.7110078125433,0.006096875
792,31.451150606506445,0.5200171641695597,41.63748213024402,0.006096875
793,31.434582474601036,0.7265272325635282,41.63386888261105,0.006096875
794,31.410659800334788,0.9098883298558357,41.64217312971953,0.006096875
795,31.38159459786485,1.0774257893545773,41.658337583275774,0.006096875
796,31.348681285853086,1.2332297484220702,41.68016362146699,0.006096875
797,31.312757978999606,1.3798638696136427,41.706302601879365,0.006096875
798,31.27440552457705,1.5190622913490512,41.73585729341851,0.006096875
799,31.234046742080206,1.6520635737288614,41.76819536684239,0.006096875
800,31.192001103157143,1.7797892219460822,41.802851531795866,0.006096875
801,31.148517166922204,1.9029470699317137,41.83947172171244,0.006096875
802,31.10379294847884,2.0220949345659363,41.87777916481147,0.006096875
803,31.057989304809123,2.1376817600376783,41.91755269195482,0.006096875
804,31.01123906503696,2.2500752854788035,41.958612287649075,0.006096875
805,30.963653454155647,2.3595812716197733,42.00080913274637,0.006096875
806,30.91532673287848,2.4664572376651193,42.04401854283969,0.006096875
807,30.866339625491715,2.5709225119156365,42.0881348358501,0.006096875
808,30.816761902428148,2.673165738297403,42.133067521698955,0.006096875
809,30.766654359731877,2.7733505846904243,42.178738420495904,0.006096875
810,30.716070359494704,2.8716201533871493,42.22507944700332,0.006096875
811,30.782126680465726,2.3952040701724293,42.18927140833126,0.006096875
812,30.8630745155705,1.9416132857991897,42.1492530412922,0.006096875
813,30.96332003058939,1.5173138563281086,42.10375525537997,0.006096875
814,31.088824757150213,1.1311047479097993,42.05105162976634,0.006096875
815,31.247246760437385,0.7943877996413079,41.98890589472467,0.006096875
816,31.447092025769766,0.5200170422286705,41.91479835782718,0.006096875
817,31.43053649318447,0.7265255543756228,41.91060532472429,0.006096875
818,31.406626424845097,0.9098852176877312,41.91833097519753,0.006096875
819,31.377573817832964,1.0774213030149098,41.93391804034581,0.006096875
820,31.344673083238874,1.2332239204234667,41.955167903085204,0.006096875
821,31.308762331943395,1.3798567183418786,41.980731921142976,0.006096875
822,31.27042240914111,1.519053827030747,42.009712861850424,0.006096875
823,31.230076133148348,1.6520538014996191,42.04147839368253,0.006096875
824,31.188042974935527,1.7797781435776843,42.07556322369514,0.006096875
825,31.144571493233745,1.9029346848736481,42.11161328260199,0.006096875
826,31.09985970294346,2.0220812406084034,42.14935179585347,0.006096875
827,31.054068460957414,2.137666753752561,42.188557591531556,0.006096875
828,31.007330596383284,2.250058962523797,42.229050651370684,0.006096875
829,30.959757334245843,2.3595636269546767,42.27068215346741,0.006096875
830,30.91144293532113,2.466438265709726,42.313327410678944,0.006096875
831,30.862468123978555,2.5709022066676748,42.35688073821134,0.006096875
832,30.812902670747057,2.6731440934223514,42.4012516432918,0.006096875
833,30.762807371774958,2.7733275935911452,42.446361943355804,0.006096875
834,30.712235589263006,2.8715958092587437,42.49214355051002,0.006096875
835,30.77830050944502,2.395183832125985,42.45577657667169,0.006096875
836,30.85925698630951,1.9415972395774825,42.41520039594469,0.006096875
837,30.959511170586293,1.5173020684737104,42.36914591079941,0.006096875
838,31.085024544884966,1.1310972163565352,42.31588669952105,0.006096875
839,31.24345505646086,0.7943843512249251,42.253186506934156,0.006096875
840,31.443308466075862,0.5200171692381566,42.17852568276869,0.006096875
