time,ammonia,nitrite,nitrate,COD
1,36.65339968218457,1.020372472769632,21.91929265228183,38.76064000141495
2,36.65312029100916,1.1274993667946354,21.902814175244114,37.28286206054684
3,36.64992947782217,1.2241701546553243,21.889614544807717,35.798411538099394
4,36.6443654722797,1.3123189560253687,21.879047606010516,34.308508174939355
5,36.6368232277213,1.3933525673865694,21.870650576198617,32.81404437777658
6,36.62760288590579,1.4683324012711463,21.86407871514491,31.31569648756443
7,36.616938963610195,1.538082817791061,21.859067141712504,29.813991636435095
8,36.6050188909583,1.603259293635393,21.8554071774004,28.30935012624472
9,36.59199530244235,1.6643932644593722,21.85293099018769,26.8021134731326
10,36.577994479107474,1.7219227180728205,21.85150123794519,25.29256363656242
11,36.563122321645984,1.7762137131494804,21.85100385707284,23.780936602145204
12,36.54746868460842,1.827575912929527,21.851342903310467,22.267432222337742
13,36.531110590628096,1.8762740518011705,21.852436773792835,20.752221503435955
14,36.5141146597293,1.9225365657821702,21.854215384022428,19.235452105250896
15,36.496538976291106,1.9665622002466696,21.85661802062536,17.717252561912115
16,36.47843454522486,2.008525146065925,21.85959168228126,16.19773556960446
17,36.459846442849624,2.048579086112747,21.8630897797879,14.677000581652766
18,36.4408147373327,2.08686042213374,21.867071104666145,13.155135881399275
19,36.553055219751315,1.4387497664784759,21.874254780241703,11.636559077204303
20,36.70779465891398,0.8809237267429166,21.870312959236013,10.173658602595506
21,36.92508598282104,0.4553845240335894,21.850032574490253,8.793148539198238
22,37.22050571167056,0.19506205701836532,21.80936462513459,7.516389774213503
23,37.58319278577302,0.07763697123217293,21.751133926561955,6.329954933119665
24,37.9815503402433,0.0370003857420796,21.683556368251818,5.192275217651363
25,38.029913150498615,0.3475958346742069,21.593347459400835,3.835724155416998
26,38.054416513629114,0.5618843455180631,21.54157844507977,2.423933722278037
27,38.06720249894853,0.7319486694345616,21.505616782257995,0.9852094685381206
28,38.07262847835416,0.8764513707920879,21.49176962713216,0.007049652777777778
29,38.07274269960683,1.0070711180534868,21.514724656427827,0.007049652777777778
30,38.06877644450072,1.1254028335975443,21.543067890518756,0.007049652777777778
31,38.06156856436542,1.2340622285112035,21.57557345069826,0.007049652777777778
32,38.05170731809943,1.3348448404916742,21.61140959479559,0.007049652777777778
33,38.03962477423359,1.4290472317799654,21.649981370075906,0.007049652777777778
34,38.02564972163604,1.5176423643056647,21.690845824282793,0.007049652777777778
35,38.010039465358815,1.601382788548576,21.733662653376538,0.007049652777777778
36,37.99299999913253,1.6808649746101854,21.77816371288857,0.007049652777777778
37,37.97469937313715,1.756571314645258,21.824133266631513,0.007049652777777778
38,37.95527687510082,1.8288986034842223,21.87139468485015,0.007049652777777778
39,37.934849527643884,1.8981779695018832,21.919801191262206,0.007049652777777778
40,37.91351680490985,1.964689200374409,21.969229247754352,0.007049652777777778
41,37.89136413238698,2.028671279301002,22.019573712301227,0.007049652777777778
42,37.86846553384809,2.0903302902781524,22.070744221715437,0.007049652777777778
43,37.972115544544074,1.6379016779448816,22.066560016188106,0.007049652777777778
44,38.10097057340679,1.2239227840181435,22.055034218017035,0.007049652777777778
45,38.263123297982304,0.8605646189505434,22.03378354583983,0.007049652777777778
46,38.468020192423836,0.5622461681006325,21.99998643993002,0.007049652777777778
47,38.723394163544896,0.34116522934699584,21.95125941703749,0.007049652777777778
48,39.029500351684874,0.19850701094676534,21.887377490493957,0.007049652777777778
49,39.06189083294378,0.44490140572231884,21.854966941813352,0.007049652777777778
50,39.077993970168514,0.6352529604235542,21.849967395479396,0.007049652777777778
51,39.084615843562304,0.7951609396392815,21.85920075330757,0.007049652777777778
52,39.08480102593162,0.9351053172530216,21.877497328924605,0.007049652777777778
53,39.080241293266404,1.0606252332760489,21.902193405104505,0.007049652777777778
54,39.07199702476757,1.175077420916945,21.93170319154646,0.007049652777777778
55,39.06078683354963,1.2806809535184576,21.964992322496762,0.007049652777777778
56,39.04712533668157,1.3789946012368637,22.001341909367536,0.007049652777777778
57,39.03139655987568,1.471163609478462,22.04022837667318,0.007049652777777778
58,39.01389639340695,1.55805907416608,22.081256411199295,0.007049652777777778
59,38.99485873129724,1.6403621004740743,22.124118879524833,0.007049652777777778
60,38.97447237835294,1.7186173583199587,22.16857153780714,0.007049652777777778
61,38.95289243211185,1.7932686382873,22.214416364777005,0.007049652777777778
62,38.930248203451825,1.8646832978018644,22.261490176253414,0.007049652777777778
63,38.90664888460258,1.9331695702073293,22.309656609643262,0.007049652777777778
64,38.8821877031971,1.9989891314104675,22.358800334238957,0.007049652777777778
65,38.856945030285694,2.0623664229267797,22.408822775637717,0.007049652777777778
66,38.83099074807033,2.1234957002529486,22.4596388968028,0.007049652777777778
67,38.93109615481177,1.6687472770804748,22.455072347515415,0.007049652777777778
68,39.05591338850703,1.2517046828309586,22.443311404375947,0.007049652777777778
69,39.213396918956704,0.8843219191260974,22.42201509035874,0.007049652777777778
70,39.412958780027296,0.5809456414976825,22.38837568888398,0.007049652777777778
71,39.66262356612889,0.3541856695078791,22.33992865402807,0.007049652777777778
72,39.963357372624245,0.20629466012309475,22.27623986855016,0.007049652777777778
73,39.99260737059455,0.4510498971717666,22.24411736738122,0.007049652777777778
74,40.00584044040209,0.6408248157658515,22.238841720007848,0.007049652777777778
75,40.00970053382319,0.8005226006617796,22.247613832269717,0.007049652777777778
76,40.00718252309028,0.9404334313853359,22.265362404700504,0.007049652777777778
77,39.99995691948266,1.0660202195474977,22.28946218225145,0.007049652777777778
78,39.98907322187385,1.1806023189900199,22.318345909068967,0.007049652777777778
79,39.97524380116828,1.286378035709969,22.35098939415215,0.007049652777777778
80,39.958979393258545,1.3848935621676994,22.386679859288602,0.007049652777777778
81,39.94066146149461,1.4772860272863317,22.424897648473436,0.007049652777777778
82,39.92058412364587,1.5644210280950377,22.465250092845288,0.007049652777777778
83,39.898980000773165,1.646975797815212,22.507431915772596,0.007049652777777778
84,39.876036954818396,1.7254921932985534,22.55120022013219,0.007049652777777778
85,39.851909366599074,1.800411907725433,22.596357987942994,0.007049652777777778
86,39.82672598996407,1.8721007002711376,22.642742799467687,0.007049652777777778
87,39.80059557582521,1.940865563579887,22.690218885828177,0.007049652777777778
88,39.773610996227305,2.0069671949070984,22.73867138508554,0.007049652777777778
89,39.74585233139263,2.070629253022941,22.788002098276944,0.007049652777777778
90,39.71738922245775,2.132045359706869,22.838126292834357,0.007049652777777778
91,39.81525812958278,1.6767201747766414,22.83286831986766,0.007049652777777778
92,39.93771554515596,1.2589107025382988,22.820454654099848,0.007049652777777778
93,40.09267940537216,0.8905137673655885,22.798555396802364,0.007049652777777778
94,40.28954972003506,0.585852782095849,22.764367208339866,0.007049652777777778
95,40.53642040207243,0.3576348215222845,22.71540629697986,0.007049652777777778
96,40.8344374602341,0.2083820469787771,22.65118567501506,0.007049652777777778
97,40.86117884055076,0.45303450308460114,22.61858067079422,0.007049652777777778
98,40.87196511924063,0.6429414818123372,22.612695639099833,0.007049652777777778
99,40.87340530750981,0.8028509877953248,22.62081706116981,0.007049652777777778
100,40.86848366110234,0.9430107726933648,22.637896144743262,0.007049652777777778
101,40.85886619058125,1.0688667566658432,22.66131649908379,0.007049652777777778
102,40.84560010963075,1.1837300068854268,22.689515162767798,0.007049652777777778
103,40.82939648540428,1.2897942587754843,22.72147031192463,0.007049652777777778
104,40.81076524569472,1.3886029610686221,22.756470594335347,0.007049652777777778
105,40.790087320558285,1.4812914904515144,22.79399727073456,0.007049652777777778
106,40.767656457932674,1.5687242709170566,22.83365829159088,0.007049652777777778
107,40.74370501179086,1.6515777208405154,22.87514881533439,0.007049652777777778
108,40.718420644507894,1.7303931140445132,22.918226260212897,0.007049652777777778
109,40.69195758337277,1.8056117163855294,22.962693842809088,0.007049652777777778
110,40.66444446108591,1.8775989675781877,23.008389321607535,0.007049652777777778
111,40.635989930798274,1.946661617500848,23.055177065582203,0.007049652777777778
112,40.606686784079145,2.0130601764045237,23.10294232103612,0.007049652777777778
113,40.576615033712166,2.0770181573840008,23.151586975085145,0.007049652777777778
114,40.545844263405314,2.138729067692634,23.201026364353826,0.007049652777777778
115,40.64168436359412,1.682957998716212,23.195085466768234,0.007049652777777778
116,40.7620175380902,1.2645546119477815,23.182019280512357,0.007049652777777778
117,40.914732978953694,0.8953707910508047,23.1595066016027,0.007049652777777778
118,41.1092205074717,0.5897106338169663,23.12474771853888,0.007049652777777778
119,41.3536266181581,0.36035480327992225,23.075244251171437,0.007049652777777778
120,41.64923687936169,0.21003434753699166,23.01046821600144,0.007049652777777778
121,41.67367388642836,0.45465926962532355,22.97735059962552,0.007049652777777778
122,41.682203013447655,0.6447163014456508,22.97085676349888,0.007049652777777778
123,41.6814070299214,0.8048359324019967,22.978338168904624,0.007049652777777778
124,41.674262232885646,0.945233734996205,22.99476318054161,0.007049652777777778
125,41.662431266676705,1.0713427449750663,23.017522179040576,0.007049652777777778
126,41.646959639348744,1.1864677516892477,23.045055488228734,0.007049652777777778
127,41.62855744650906,1.2927990328683892,23.07634309706729,0.007049652777777778
128,41.60773401435496,1.3918779653342856,23.110674746304728,0.007049652777777778
129,41.58486987603887,1.4848386054679794,23.147532399725787,0.007049652777777778
130,41.560258504113065,1.5725444956444092,23.18652448292868,0.007049652777777778
131,41.53413205340565,1.65567144363721,23.227346488142654,0.007049652777777778
132,41.50667803716616,1.7347602878604147,23.26975607554469,0.007049652777777778
133,41.47805056761132,1.81025197627901,23.31355664157813,0.007049652777777778
134,41.44837818628779,1.8825117120056793,23.358586081282844,0.007049652777777778
135,41.4177694724485,1.9518460660236134,23.404708869139842,0.007049652777777778
136,41.38631715650636,2.0185154115707196,23.45181033417247,0.007049652777777778
137,41.354101199691065,2.0827431557108813,23.499792429151704,0.007049652777777778
138,41.32119114152569,2.1447227229687336,23.548570543347928,0.007049652777777778
139,41.4151456388199,1.6885541632039551,23.541970349956014,0.007049652777777778
140,41.533508158150795,1.2696211339469679,23.52827210803972,0.007049652777777778
141,41.68414205711602,0.8997351544406911,23.50516242112429,0.007049652777777778
142,41.87642754282493,0.593182316347656,23.46984496254407,0.007049652777777778
143,42.118557145859825,0.3628075883211969,23.419808595436063,0.007049652777777778
144,42.41194069714329,0.21152789629810048,23.35448884999569,0.007049652777777778
145,42.43424068121169,0.4561298035394845,23.32086640525324,0.007049652777777778
146,42.44067532588239,0.6463234057203289,23.313781466228612,0.007049652777777778
147,42.437803838293455,0.8066337405991659,23.3206437714702,0.007049652777777778
148,42.428595355916904,0.9472474322181702,23.33643711141148,0.007049652777777778
149,42.41470949245957,1.0735859111544566,23.358557961496093,0.007049652777777778
150,42.3971902197816,1.1889483075067353,23.38544960444814,0.007049652777777778
151,42.376746758285414,1.295521779898192,23.416093662657104,0.007049652777777778
152,42.353887892182414,1.3948458349785904,23.44978086196075,0.007049652777777778
153,42.328993797040795,1.488053336659231,23.485993799930753,0.007049652777777778
154,42.30235769731031,1.576007030559006,23.524341330545667,0.007049652777777778
155,42.274211568405995,1.6593821722533455,23.56451924701616,0.007049652777777778
156,42.24474278922753,1.7387192061029486,23.60628542767027,0.007049652777777778
157,42.21410536831759,1.814458792137265,23.649443431131616,0.007049652777777778
158,42.182427765092775,1.88696591896307,23.69383127556343,0.007049652777777778
159,42.1498184922153,1.95654699520305,23.73931353056349,0.007049652777777778
160,42.116370224979754,2.0234622695941464,23.78577559971505,0.007049652777777778
161,42.08216287814129,2.087935052716554,23.83311949495124,0.007049652777777778
162,42.04726595138008,2.150158693691884,23.88126065296555,0.007049652777777778
163,42.13946369166339,1.6936314715626686,23.874025493271663,0.007049652777777778
164,42.25599273680764,1.2742204181944798,23.859716967093696,0.007049652777777778
165,42.40469297311442,0.9037004021025811,23.836028766052685,0.007049652777777778
166,42.594935510059265,0.5963406427938192,23.800167737618427,0.007049652777777778
167,42.8349537281881,0.3650430705629383,23.74961143863038,0.007049652777777778
168,43.12626941816061,0.21289199457361901,23.683762538549516,0.007049652777777778
169,43.14658387009616,0.457471979897323,23.649646445395607,0.007049652777777778
170,43.15107179307416,0.6477889721566628,23.64198946368169,0.007049652777777778
171,43.1462709472453,0.8082721309853095,23.648254281188024,0.007049652777777778
172,43.13514394051141,0.9490816978412543,23.663438734788194,0.007049652777777778
173,43.119347620058655,1.0756285139087938,23.68494485504169,0.007049652777777778
174,43.099924554689295,1.1912065408982995,23.71121862299776,0.007049652777777778
175,43.0775831652071,1.298000086767731,23.741243151131506,0.007049652777777778
176,43.05283174057739,1.3975469477563098,23.7743100641269,0.007049652777777778
177,43.026050129600655,1.4909788964029518,23.80990253794571,0.007049652777777778
178,42.99753133000785,1.5791579485743494,23.847629817544593,0.007049652777777778
179,42.96750715327437,1.662758853674544,23.887187970853773,0.007049652777777778
180,42.936164855548526,1.7423216945315998,23.928335075323,0.007049652777777778
181,42.90365835066081,1.8182868667368564,23.97087483760757,0.007049652777777778
182,42.8701160230061,1.891019161672788,24.014645388247487,0.007049652777777778
183,42.835646324426826,1.9608248384896507,24.059511383647745,0.007049652777777778
184,42.800341879881096,2.0279640311373224,24.10535829542858,0.007049652777777778
185,42.76428256168501,2.092659961089411,24.152088189499803,0.007049652777777778
186,42.72753783313748,2.155105907693224,24.19961654581094,0.007049652777777778
187,42.81809704769198,1.6982537972039788,24.191770561866452,0.007049652777777778
188,42.93291809705967,1.278409631709604,24.176873660051683,0.007049652777777778
189,43.07981947445733,0.9073148916177772,24.152625988164402,0.007049652777777778
190,43.26816370162529,0.5992230003194677,24.11623736725355,0.007049652777777778
191,43.50622059419541,0.36708661033899287,24.065175280820924,0.007049652777777778
192,43.79561321585521,0.2141413615920806,23.998812684976997,0.007049652777777778
193,43.8140805072618,0.4587003977896806,23.964215403694322,0.007049652777777778
194,43.81675678639132,0.6491291781288736,23.956005765596288,0.007049652777777778
195,43.81016022853892,0.8097693997894515,23.9616947284028,0.007049652777777778
196,43.79724746820838,0.9507571854132831,23.976292959866928,0.007049652777777778
197,43.779672819525125,1.0774936846568477,23.99720756930261,0.007049652777777778
198,43.75847756599633,1.1932681253144206,24.022887005883636,0.007049652777777778
199,43.734369395722986,1.300262202558678,24.052315745458067,0.007049652777777778
200,43.70785614378142,1.400012143950967,24.08478623528404,0.007049652777777778
201,43.67931735946926,1.4936487204510878,24.11978218070338,0.007049652777777778
202,43.64904583271287,1.5820332777604695,24.156913184550863,0.007049652777777778
203,43.61727322472986,1.6658401001011105,24.195875566229468,0.007049652777777778
204,43.584186679169186,1.7456089377759683,24.23642758546196,0.007049652777777778
205,43.549940023065936,1.8217799429356176,24.27837308440578,0.007049652777777778
206,43.51466157207039,1.894717725213923,24.32155029645903,0.007049652777777778
207,43.47845972229854,1.9647284058587922,24.365823957472603,0.007049652777777778
208,43.44142705259053,2.032072012779265,24.411079601324715,0.007049652777777778
209,43.403643396381995,2.0969716850081443,24.45721934330694,0.007049652777777778
210,43.36517818364187,2.1596206372261433,24.504158702932,0.007049652777777778
211,43.454207747154,1.70247331577924,24.495725672469217,0.007049652777777778
212,43.56743604031499,1.2822355118018909,24.480262203389934,0.007049652777777778
213,43.71266200752337,0.9106182102996255,24.45547433947136,0.007049652777777778
214,43.89924008027142,0.6018600571505739,24.41857468500384,0.007049652777777778
215,44.13547271004683,0.3689590681714498,24.367021709683485,0.007049652777777778
216,44.42307485887728,0.21528814278746985,24.300161415650873,0.007049652777777778
217,44.43982179452602,0.4598272182193063,24.265096264712113,0.007049652777777778
218,44.44081029593266,0.650357579589717,24.256353439542345,0.007049652777777778
219,44.43254061049653,0.8111409375393211,24.261488015213384,0.007049652777777778
220,44.41796389566307,0.9522913139626121,24.275522408083173,0.007049652777777778
221,44.39873214112797,1.079200968885184,24.295868381482265,0.007049652777777778
222,44.375885450420654,1.1951547847445534,24.32097664728466,0.007049652777777778
223,44.35013083878885,1.302332056921352,24.349832931573747,0.007049652777777778
224,44.32197572442624,1.4022675713493262,24.381730436053086,0.007049652777777778
225,44.29179938152297,1.496091177996345,24.41615335165356,0.007049652777777778
226,44.25989440912161,1.5846636059451804,24.452711609505116,0.007049652777777778
227,44.22649233041819,1.6686587111227063,24.49110175970192,0.007049652777777778
228,44.19178018572702,1.7486159374532244,24.531082229175045,0.007049652777777778
229,44.15591172236245,1.8249752126078849,24.572456984378977,0.007049652777777778
230,44.11901519283626,1.8981009784768983,24.61506435305628,0.007049652777777778
231,44.081198942084754,1.9682992289023997,24.658769143918608,0.007049652777777778
232,44.04255550659396,2.0358298937106043,24.70345694793182,0.007049652777777778
233,44.00316468409211,2.100916035579626,24.74902992565792,0.007049652777777778
234,43.96309587393805,2.1637508092066713,24.795403632868343,0.007049652777777778
235,44.05069627742263,1.7063344954716513,24.78640686214942,0.007049652777777778
236,44.162437925501294,1.2857379339585533,24.77039838618602,0.007049652777777778
237,44.30610185774691,0.9136441907299151,24.74508964584509,0.007049652777777778
238,44.49103489495226,0.6042780932104307,24.707695849086136,0.007049652777777778
239,44.7255688334995,0.3706783871042828,24.655667368357598,0.007049652777777778
240,45.01150226601551,0.21634283014282954,24.58832568409522,0.007049652777777778
241,45.02664535696271,0.46086293410446116,24.55280656833354,0.007049652777777778
242,45.026059958400346,0.6514858548782451,24.54354994794015,0.007049652777777778
243,45.01622987076019,0.8123999878324191,24.548151313163878,0.007049652777777778
244,45.00010121924328,0.9536990608372581,24.561643861158796,0.007049652777777778
245,44.97932385632906,1.0807671634303748,24.581443628953046,0.007049652777777778
246,44.95493680014259,1.1968851815869237,24.606003407038614,0.007049652777777778
247,44.92764644684287,1.3042302023524395,24.634310070299346,0.007049652777777778
248,44.897959830990835,1.4043356843560857,24.66565751378039,0.007049652777777778
249,44.86625597358811,1.4983306291662417,24.69953037471486,0.007049652777777778
250,44.832827297994584,1.587075197537381,24.735538885981438,0.007049652777777778
251,44.797905200374984,1.6712428504099095,24.773379809713695,0.007049652777777778
252,44.76167662593826,1.7513727489735937,24.812811726527897,0.007049652777777778
253,44.72429524862795,1.827904613594935,24.8536387171157,0.007049652777777778
254,44.68588926284766,1.9012027311298245,24.895699195919672,0.007049652777777778
255,44.64656696643176,1.9715729775610038,24.93885803859892,0.007049652777777778
256,44.606420856886544,2.0392751918880005,24.983000888563588,0.007049652777777778
257,44.565530699077065,2.10453236600034,25.028029947953595,0.007049652777777778
258,44.523965864188305,2.1675375989100485,25.07386080583137,0.007049652777777778
259,44.610230044385034,1.7098755645210861,25.064323052229806,0.007049652777777778
260,44.72058296979916,1.2889512123155864,25.047790771738484,0.007049652777777778
261,44.8627892463441,0.9164219933045104,25.021980356257966,0.007049652777777778
262,45.046188542405815,0.6064998159466874,24.98410944872779,0.007049652777777778
263,45.279139131982255,0.3722601260945148,24.9316211218948,0.007049652777777778
264,45.563515912704084,0.21731455876089173,24.863814488533972,0.007049652777777778
265,45.57716245906717,0.4618166660082639,24.827855685869572,0.007049652777777778
266,45.575108092240804,0.6525241360639782,24.818104461745744,0.007049652777777778
267,45.5638214942398,0.8135580252356696,24.822193407989673,0.007049652777777778
268,45.546244158068355,0.9549933907193064,24.835165633897983,0.007049652777777778
269,45.52402396756332,1.082206798734036,24.854441108424194,0.007049652777777778
270,45.498198940660124,1.1984754531270436,24.878474535136895,0.007049652777777778
271,45.46947490289189,1.305974405270641,24.90625384645981,0.007049652777777778
272,45.4383585351627,1.4062358896869969,24.937073575786414,0.007049652777777778
273,45.40522862504752,1.5003881251367397,24.970418771284947,0.007049652777777778
274,45.37037743392768,1.5892907477248155,25.005899943680603,0.007049652777777778
275,45.33403624084289,1.6736168535674343,25.0432140503494,0.007049652777777778
276,45.296391903312646,1.7539053425579725,25.08211981341287,0.007049652777777778
277,45.25759802763072,1.8305957433533515,25.12242141873833,0.007049652777777778
278,45.217782754623194,1.9040521993347035,25.163957360581993,0.007049652777777778
279,45.17705433869438,1.9745804773248044,25.206592576222974,0.007049652777777778
280,45.13550524140833,2.042440332123656,25.250212757332466,0.007049652777777778
281,45.09321519732607,2.107854689929138,25.294720144301607,0.007049652777777778
282,45.05025355165097,2.1710165980163643,25.34003035680983,0.007049652777777778
283,45.13526760813544,1.7131295868342746,25.329973773177603,0.007049652777777778
284,45.2443223521411,1.2919050528083882,25.312938450097853,0.007049652777777778
285,45.38516727711942,0.9189768995364137,25.286645330238134,0.007049652777777778
286,45.5671353343612,0.6085449578769976,25.24831433352291,0.007049652777777778
287,45.79860876405148,0.37371785019464954,25.19538193072165,0.007049652777777778
288,46.081532250285015,0.2182113233218569,25.127126782819296,0.007049652777777778
289,46.09378127128604,0.4626963834007736,25.09074277424915,0.007049652777777778
290,46.090354818090525,0.6534812610474167,25.08051584282711,0.007049652777777778
291,46.07770765021737,0.8146250459465153,25.084112705508474,0.007049652777777778
292,46.05877698942272,0.9561855880163809,25.096585601439827,0.007049652777777778
293,46.03520890316861,1.0835325144060097,25.11535812335792,0.007049652777777778
294,46.00804048622129,1.1999396309051495,25.138886738558693,0.007049652777777778
295,45.97797703730672,1.3075801093914834,25.166160354636595,0.007049652777777778
296,45.945524910780975,1.4079850537063177,25.19647409368326,0.007049652777777778
297,45.91106267866491,1.5022819592358672,25.229313382864092,0.007049652777777778
298,45.87488245275464,1.591329977050464,25.264288989161926,0.007049652777777778
299,45.83721540392303,1.6758018658262985,25.301098050022258,0.007049652777777778
300,45.79824830870503,1.756236283646279,25.33949941806834,0.007049652777777778
301,45.758134710916266,1.8330725816510471,25.379297376156025,0.007049652777777778
302,45.7170027019001,1.9066747702830689,25.420330492133015,0.007049652777777778
303,45.67496049594847,1.9773485151478292,25.46246376008483,0.007049652777777778
304,45.632100521427425,2.045353492908355,25.505582916163718,0.007049652777777778
305,45.58850248490566,2.1109125687442907,25.549590236006214,0.007049652777777778
306,45.54423570758474,2.174218741823758,25.594401367493035,0.007049652777777778
307,45.62807952781156,1.716125316506885,25.58384746341819,0.007049652777777778
308,45.73591995031321,1.294625311368917,25.56632935837933,0.007049652777777778
309,45.8754925464867,0.9213309444035239,25.539572185432885,0.007049652777777778
310,46.05612396220332,0.610430754454268,25.50079799380937,0.007049652777777778
311,46.286218193347025,0.37506344402347785,25.447437265716726,0.007049652777777778
312,46.56778388732696,0.2190401528816713,25.378749921125277,0.007049652777777778
313,46.57872692621441,0.46350908315544986,25.341955255022583,0.007049652777777778
314,46.57401799517568,0.6543649766402977,25.331271145214743,0.007049652777777778
315,46.56009901114576,0.815609801699871,25.334395751366237,0.007049652777777778
316,46.53990325127117,0.9572855241793324,25.346389735767467,0.007049652777777778
317,46.51507510457622,1.0847553611436074,25.364680036277452,0.007049652777777778
318,46.48665081247166,1.2012899777744086,25.387724748778,0.007049652777777778
319,46.45533518660863,1.3090608081142503,25.414513681471913,0.007049652777777778
320,46.42163427938054,1.409597910130928,25.444342500192068,0.007049652777777778
321,46.385926463464344,1.5040281098298756,25.47669698217639,0.007049652777777778
322,46.34850371231199,1.5932101092665436,25.511188131110636,0.007049652777777778
323,46.30959709675367,1.6778163545991795,25.547513250764588,0.007049652777777778
324,46.26939331842018,1.7583852798524777,25.585431314294283,0.007049652777777778
325,46.228045863338195,1.8353560715963613,25.624746694126753,0.007049652777777778
326,46.18568277708038,1.9090926169571416,25.66529802606338,0.007049652777777778
327,46.142412236833984,1.9799004875879416,25.70695035663485,0.007049652777777778
328,46.09832664025415,2.0480392875697073,25.749589463049798,0.007049652777777778
329,46.05350566801229,2.1137318253545687,25.793117653466993,0.007049652777777778
330,46.00801861910219,2.1771710553442087,25.83745060178009,0.007049652777777778
331,46.090766427005434,1.7188878859779524,25.826420218043875,0.007049652777777778
332,46.197470317428156,1.2971346052849584,25.808439046347885,0.007049652777777778
333,46.33585301552368,0.9235034272862149,25.78123608467252,0.007049652777777778
334,46.51523524983639,0.6121723314525661,25.742035373705466,0.007049652777777778
335,46.74404081758916,0.3763073670730995,25.68826194884519,0.007049652777777778
336,47.02433710878159,0.21980725399448395,25.61915852224657,0.007049652777777778
337,47.03405893422097,0.4642609353226572,25.58196770615852,0.007049652777777778
338,47.028150537736934,0.655182104000086,25.570844524604027,0.007049652777777778
339,47.01304197165781,0.8165199899908502,25.57351615518656,0.007049652777777778
340,46.99166286492024,0.9583018748547274,25.585051043089948,0.007049652777777778
341,46.96565605339959,1.08588504581494,25.602879218592978,0.007049652777777778
342,46.93605698859844,1.2025372613798866,25.625460283542903,0.007049652777777778
343,46.90357003121484,1.3104283465752737,25.651784879072462,0.007049652777777778
344,46.86870095403502,1.411087390670626,25.681149173939765,0.007049652777777778
345,46.831827945133334,1.5056405994610083,25.71303926918976,0.007049652777777778
346,46.7932428498398,1.5949462588144312,25.747066387451977,0.007049652777777778
347,46.75317664633005,1.6796765251036252,25.782927986336187,0.007049652777777778
348,46.71181596685973,1.7603696245027234,25.820383150476403,0.007049652777777778
349,46.66931424393003,1.8374645908424276,25.859236335132866,0.007049652777777778
350,46.62579948071808,1.9113251967377602,25.899326238939878,0.007049652777777778
351,46.58137982004047,1.9822569265460324,25.94051795691174,0.007049652777777778
352,46.53614763110215,2.0505193168637317,25.98269730420288,0.007049652777777778
353,46.49018257058184,2.1163351233600056,26.025766619021134,0.007049652777777778
354,46.443553916896356,2.1798972587475824,26.069641599285895,0.007049652777777778
355,46.52527475741196,1.7214393648756745,26.058154892670093,0.007049652777777778
356,46.63091437144247,1.2994528102726088,26.039729793583763,0.007049652777777778
357,46.76818361286132,0.9255113281953318,26.012098870161125,0.007049652777777778
358,46.94639765791149,0.613783021517435,25.97248802598488,0.007049652777777778
359,47.17399837007311,0.3774588632475218,25.918317330117382,0.007049652777777778
360,47.453107185730005,0.2205181287671724,25.848813665567366,0.007049652777777778
361,47.46168640678072,0.4649574030743396,25.811241080178583,0.007049652777777778
362,47.454655555499336,0.6559386744239578,25.799696470644232,0.007049652777777778
363,47.43843370763748,0.8173624099588188,25.80193383450093,0.007049652777777778
364,47.41594711356287,0.9592422976449262,25.813028818249702,0.007049652777777778
365,47.38883717008279,1.0869301319404763,25.830414314837693,0.007049652777777778
366,47.35813859659393,1.2036909777637954,25.852551320536445,0.007049652777777778
367,47.32455533575956,1.3116931685420916,25.878431247825386,0.007049652777777778
368,47.28859290113545,1.412464895238506,25.90735073123895,0.007049652777777778
369,47.25062930963146,1.5071317883162132,25.93879617172,0.007049652777777778
370,47.21095628777479,1.5965517474389301,25.97237899467384,0.007049652777777778
371,47.16980472782149,1.68139665997254,26.00779680018385,0.007049652777777778
372,47.127361197692174,1.762204559067772,26.044808776117403,0.007049652777777778
373,47.0837790802492,1.8394143366500901,26.08321945443323,0.007049652777777778
374,47.0391863393504,1.913389658894319,26.122867591935886,0.007049652777777778
375,46.993691085933754,1.984435928971185,26.163618328516446,0.007049652777777778
376,46.94738566281498,2.0528126206776545,26.205357514443385,0.007049652777777778
377,46.900349704415525,2.118742440530926,26.247987515722354,0.007049652777777778
378,46.852652470061805,2.1824182623928317,26.291424052489898,0.007049652777777778
379,46.93341063946707,1.7237992172707775,26.279500488713417,0.007049652777777778
380,47.0380531734581,1.301597467639678,26.26065000529087,0.007049652777777778
381,47.17427994048519,0.9273696493310221,26.232608472837708,0.007049652777777778
382,47.351400907254344,0.6152746246761095,26.19260353799166,0.007049652777777778
383,47.57787445718479,0.37852613401421137,26.138050731263036,0.007049652777777778
384,47.85587183566462,0.22117767287323448,26.06816235007455,0.007049652777777778
385,47.86338144404961,0.4656033420610646,26.030222181123825,0.007049652777777778
386,47.855299671471705,0.6566400415812389,26.018273295258084,0.007049652777777778
387,47.838035425452524,0.8181430910242403,26.020094512343302,0.007049652777777778
388,47.81451182366327,0.9601135786467283,26.030768150628223,0.007049652777777778
389,47.786368927956005,1.087898204850428,26.04772975634664,0.007049652777777778
390,47.75464077839937,1.2047595354898228,26.069441618494427,0.007049652777777778
391,47.720030929687745,1.3128645196553739,26.094895864730567,0.007049652777777778
392,47.6830446547617,1.4137405143459343,26.123389561477364,0.007049652777777778
393,47.644059811643814,1.508512615739318,26.154409387761728,0.007049652777777778
394,47.60336801657305,1.5980383647356342,26.187566957012322,0.007049652777777778
395,47.56120008203982,1.6829893987238789,26.222560001414205,0.007049652777777778
396,47.517742516234826,1.7639035714211142,26.259147804544792,0.007049652777777778
397,47.47314865593255,1.8412196427858865,26.29713496946296,0.007049652777777778
398,47.427546428482316,1.915301179963805,26.33636030688899,0.007049652777777778
399,47.38104391522039,1.986453510554696,26.376688998299795,0.007049652777777778
400,47.33373343445599,2.0549360498678286,26.418006926494318,0.007049652777777778
401,47.28569459993955,2.120971458615065,26.46021648322239,0.007049652777777778
402,47.23699665326532,2.1847525744274456,26.503233409188333,0.007049652777777778
403,47.31685208333656,1.7259846784201784,26.49089176222835,0.007049652777777778
404,47.420560095866655,1.3035841201097782,26.471633829481835,0.007049652777777778
405,47.55581038070738,0.9290916972744447,26.443198540386735,0.007049652777777778
406,47.731908016512456,0.6166576241477558,26.40281517295331,0.007049652777777778
407,47.957326523650046,0.379516482397851,26.34789510138622,0.007049652777777778
408,48.23428312224798,0.2217902574234112,26.277637162433347,0.007049652777777778
409,48.240790972990006,0.4662030832308929,26.23934334722934,0.007049652777777778
410,48.231724800874474,0.6572909748672322,26.227006824443418,0.007049652777777778
411,48.21348408269035,0.8188673997310061,26.228429416449885,0.007049652777777778
412,48.18898902809785,0.96092175404409,26.238699629941305,0.007049652777777778
413,48.159878459210255,1.0887960086380528,26.25525547319964,0.007049652777777778
414,48.12718578505873,1.2057504082588326,26.276560435016602,0.007049652777777778
415,48.09161419988698,1.3139506158431855,26.301607306893942,0.007049652777777778
416,48.053668753060734,1.4149232133548144,26.329693556161967,0.007049652777777778
417,48.013727154955575,1.5097928003006689,26.36030611998752,0.007049652777777778
418,47.97208091931807,1.5994165839783672,26.393056786333567,0.007049652777777778
419,47.92896078450739,1.6844659692602255,26.42764341000274,0.007049652777777778
420,47.88455320320106,1.765478642907106,26.46382536340303,0.007049652777777778
421,47.83901146933703,1.8428932420426456,26.501407315574507,0.007049652777777778
422,47.79246347632989,1.9170732415988798,26.540228127263006,0.007049652777777778
423,47.74501727799909,1.988323898774428,26.580153018522356,0.007049652777777778
424,47.696765169871504,2.056904574364705,26.621067902320245,0.007049652777777778
425,47.647786746478886,2.123037886364477,26.66287519427381,0.007049652777777778
426,47.59815123292732,2.186916638595417,26.705490654147656,0.007049652777777778
427,47.67715983544145,1.7280110671976896,26.692749010567432,0.007049652777777778
428,47.779991623738866,1.305426590592687,26.67310095026042,0.007049652777777778
429,47.91432684555082,0.9306893176102612,26.644288239186505,0.007049652777777778
430,48.089465992760815,0.6179413662282411,26.6035416826536,0.007049652777777778
431,48.31389648169244,0.38043643343839795,26.54826884125997,0.007049652777777778
432,48.589878028562005,0.22235979774130904,26.477656111367864,0.007049652777777778
433,48.59544726800868,0.46676050226708304,26.439022297217335,0.007049652777777778
434,48.585458621203976,0.6578957375189582,26.42631425191507,0.007049652777777778
435,48.566302808489425,0.8195401290254868,26.42735513880276,0.007049652777777778
436,48.54089733725191,0.9616722116189335,26.437239211010937,0.007049652777777778
437,48.510879877117304,1.089629560423658,26.453406763845727,0.007049652777777778
438,48.4772832503499,1.2066702621879866,26.47432240081071,0.007049652777777778
439,48.440810315976876,1.3149587837376742,26.498979530234887,0.007049652777777778
440,48.401965915418174,1.416020986072523,26.526675991979932,0.007049652777777778
441,48.3611276217128,1.5109810065602154,26.55689896308225,0.007049652777777778
442,48.31858685326647,1.6006957420073114,26.589260393681343,0.007049652777777778
443,48.27457427947616,1.6858363808166332,26.623458252508478,0.007049652777777778
444,48.229276301374504,1.7669404542678866,26.659251994499407,0.007049652777777778
445,48.18284617304616,1.8444464850541,26.696446349985802,0.007049652777777778
446,48.135411756332005,1.9187178621712857,26.73488022617528,0.007049652777777778
447,48.08708107944771,1.990059777182624,26.774418878942647,0.007049652777777778
448,48.03794641672003,2.0587315400367663,26.814948249261164,0.007049652777777778
449,47.988087344794806,2.124955728864581,26.856370774896533,0.007049652777777778
450,47.93757307343181,2.1889251159184284,26.898602233293886,0.007049652777777778
451,48.01578705038484,1.7298920467680685,26.885478000481047,0.007049652777777778
452,48.11779698792981,1.3071372149897569,26.86545652117112,0.007049652777777778
453,48.25127436533275,0.9321730911570383,26.83628219460558,0.007049652777777778
454,48.42551536990265,0.6191342110977321,26.795187256395376,0.007049652777777778
455,48.649020196929705,0.3812918355224215,26.73957576173203,0.007049652777777778
456,48.924087894973624,0.22288981144752096,26.668622594273618,0.007049652777777778
457,48.9287773436209,0.4672790781262957,26.62966210665582,0.007049652777777778
458,48.91792392140738,0.6584581523468013,26.616598121381518,0.007049652777777778
459,48.89791020993352,0.8201655732834748,26.61727362260665,0.007049652777777778
460,48.871651203052934,0.9623697759823001,26.626788204875922,0.007049652777777778
461,48.84078349800241,1.0904042462371464,26.6425842900313,0.007049652777777778
462,48.80633937093727,1.2075250625724843,26.663127518240845,0.007049652777777778
463,48.76902136884943,1.3158955784255806,26.687411871523754,0.007049652777777778
464,48.72933413957303,1.4170409835315254,26.714735536233075,0.007049652777777778
465,48.687655128285,1.5120849848733655,26.74458591250747,0.007049652777777778
466,48.64427566462219,1.6018841900300382,26.776575101320994,0.007049652777777778
467,48.599426353769985,1.6871095857068679,26.810401177358724,0.007049652777777778
468,48.55329354867162,1.7682985582717479,26.845823672299677,0.007049652777777778
469,48.50603046629975,1.845889523733114,26.88264737346309,0.007049652777777778
470,48.45776493909245,1.9202457909409694,26.920711231248035,0.007049652777777778
471,48.408604971419834,1.9916724902223266,26.959880534821323,0.007049652777777778
472,48.35864281786288,2.060428884067288,27.000041251177482,0.007049652777777778
473,48.307958038407044,2.1267375133817588,27.041095838654236,0.007049652777777778
474,48.25661982851566,2.1907911209231887,27.082960091111815,0.007049652777777778
475,48.33408795251459,1.7316398433191529,27.0694700085514,0.007049652777777778
476,48.4353267930355,1.3087270377124023,27.04909120978415,0.007049652777777778
477,48.5679996782554,0.9335524990014991,27.019570541156423,0.007049652777777778
478,48.741398755138526,0.6202436599378646,26.978141578167925,0.007049652777777778
479,48.964035989699894,0.3820879460713227,26.922205148579174,0.007049652777777778
480,49.23824687895235,0.22338346776096119,26.850925468757733,0.007049652777777778
481,49.242111375196785,0.46776194264263593,26.811651287488388,0.007049652777777778
482,49.23044698500606,0.6589816573366508,26.798246410836942,0.007049652777777778
483,49.20962871815115,0.8207475916965712,26.79857225031356,0.007049652777777778
484,49.18256922840057,0.9630187805214949,26.80773337006928,0.007049652777777778
485,49.1509041142586,1.091124901910797,26.82317417106235,0.007049652777777778
486,49.115665143174006,1.2083201639224952,26.843361258408528,0.007049652777777778
487,49.077554571434106,1.3167668827272867,26.867289148170315,0.007049652777777778
488,49.03707686650316,1.4179896225493986,26.894256349255933,0.007049652777777778
489,48.99460935441656,1.5131116892339422,26.923750469492052,0.007049652777777778
490,48.95044328209172,1.602989420725363,26.955383750260665,0.007049652777777778
491,48.90480919487577,1.6882936156497925,26.988854364868907,0.007049652777777778
492,48.85789340089534,1.7695615252124561,27.023921916421195,0.007049652777777778
493,48.80984908253576,1.8472314658863431,27.060391245267763,0.007049652777777778
494,48.7608040448304,1.9216666717228839,27.098101341993193,0.007049652777777778
495,48.710866269923145,1.9931722158789391,27.136917526732073,0.007049652777777778
496,48.66012799398834,2.0620073165202357,27.17672579067663,0.007049652777777778
497,48.60866876147985,2.12839447977116,27.21742861128828,0.007049652777777778
498,48.556557754531624,2.1925264208170296,27.25894179768015,0.007049652777777778
499,48.63332562308651,1.7332654305838735,27.24510195056038,0.007049652777777778
500,48.73384077528979,1.310205976757696,27.22438133033205,0.007049652777777778
501,48.86575895504146,0.9348360620224195,27.19452905959069,0.007049652777777778
502,49.03836851632434,0.6212764626273994,27.152779969421708,0.007049652777777778
503,49.26019228337843,0.3828295043588535,27.096531911546997,0.007049652777777778
504,49.53359956731856,0.22384362954380876,27.024939207127932,0.007049652777777778
505,49.53669027724628,0.4682119227651818,26.985363949082785,0.007049652777777778
506,49.52426513564754,0.6594693529165793,26.971632697433847,0.007049652777777778
507,49.50269210164489,0.8212896620927831,26.971624011444494,0.007049652777777778
508,49.474881648575476,0.9636231284407748,26.980447082980778,0.007049652777777778
509,49.4424684440504,1.0917958816725024,26.99554815648012,0.007049652777777778
510,49.40648378127338,1.2090603862823495,27.015394735999603,0.007049652777777778
511,49.36762964548503,1.317577991329344,27.038981835148032,0.007049652777777778
512,49.326410335961484,1.4188726777115075,27.065608263351155,0.007049652777777778
513,49.283203067635334,1.514067377112283,27.094761821931606,0.007049652777777778
514,49.238299010282084,1.604018175921386,27.12605488307824,0.007049652777777778
515,49.19192865344237,1.6893956972579132,27.159185711969833,0.007049652777777778
516,49.144278263444406,1.7707370661691006,27.193913978239763,0.007049652777777778
517,49.095500990413605,1.8484805061993488,27.23004457162669,0.007049652777777778
518,49.045724613821356,1.9229891815463125,27.267416520133235,0.007049652777777778
519,48.995057095078536,1.9945681119591347,27.305895172722494,0.007049652777777778
520,48.943590653188515,2.0634764741815794,27.345366543106206,0.007049652777777778
521,48.89140481811453,2.1299367418212354,27.385733126536902,0.007049652777777778
522,48.83856875955324,2.1941416042752127,27.426910746311627,0.007049652777777778
523,48.914679026406795,1.734778686288247,27.412736580896237,0.007049652777777778
524,49.014514803078235,1.3115829637784746,27.391689045672123,0.007049652777777778
525,49.14572477044795,0.9360314594292366,27.361519382423275,0.007049652777777778
526,49.317593721076975,0.6222387094233214,27.319463599189536,0.007049652777777778
527,49.53865450953584,0.38352079367941366,27.26291679957785,0.007049652777777778
528,49.81130784989609,0.22427288931874148,27.191024116059456,0.007049652777777778
529,49.81367254739256,0.46863157668780697,27.151160023285673,0.007049652777777778
530,49.80053355244975,0.6599240423254723,27.137116385597473,0.007049652777777778
531,49.77825225344282,0.8217949268511906,27.136787733016124,0.007049652777777778
532,49.74973709045535,0.9641863447958481,27.145287570247696,0.007049652777777778
533,49.71662186277946,1.0924211165882676,27.160063860221364,0.007049652777777778
534,49.6799374211715,1.2097500802327463,27.179584945093445,0.007049652777777778
535,49.64038549796793,1.3183336824243919,27.20284630237121,0.007049652777777778
536,49.59847023550078,1.419695359683184,27.22914702167895,0.007049652777777778
537,49.55456874502128,1.5149576944469105,27.257975084748608,0.007049652777777778
538,49.50897212431205,1.6049765382561103,27.288942985723132,0.007049652777777778
539,49.461910810830155,1.6904223503442972,27.32174907542803,0.007049652777777778
540,49.4135710318919,1.7718321379282733,27.35615308551087,0.007049652777777778
541,49.36410590751216,1.84964403773695,27.391959951740244,0.007049652777777778
542,49.31364319330226,1.924221148692051,27.429008736985708,0.007049652777777778
543,49.262290831319326,1.9958684406204024,27.467164817066866,0.007049652777777778
544,49.21014102453664,2.0648450515343924,27.506314226668422,0.007049652777777778
545,49.15727328938861,2.1313734246259255,27.546359477606188,0.007049652777777778
546,49.10375678395937,2.1956462251604383,27.587216406376548,0.007049652777777778
547,49.17924937011471,1.7361885254277594,27.572722746687738,0.007049652777777778
548,49.27844721466265,1.3128660634964782,27.5513626233992,0.007049652777777778
549,49.40899241557367,0.9371456299401772,27.52088925287642,0.007049652777777778
550,49.58016642075948,0.6231359093636852,27.478539746745966,0.007049652777777778
551,49.800511362251086,0.3841656946580803,27.42170666763132,0.007049652777777778
552,50.07245714617405,0.22467360025332023,27.349526607026,0.007049652777777778
553,50.07414046697043,0.4690232248883419,27.309385539279592,0.007049652777777778
554,50.06033144543694,0.6603482662424938,27.29504298431681,0.007049652777777778
555,50.03738534174689,0.8222662322470536,27.29440835862587,0.007049652777777778
556,50.008208698598196,0.9647116210507081,27.302599189334515,0.007049652777777778
557,49.97443450476069,1.0930041645812951,27.317065042525616,0.007049652777777778
558,49.93709319792265,1.2103931825053207,27.336275042294186,0.007049652777777778
559,49.89688627428283,1.3190382789907484,27.35922509898211,0.007049652777777778
560,49.85431772962226,1.420462382186341,27.38521456365165,0.007049652777777778
561,49.80976457837073,1.5157877483267368,27.413731586360502,0.007049652777777778
562,49.763517851078305,1.6058700095583334,27.444388775031232,0.007049652777777778
563,49.71580793656017,1.6913794719847568,27.476884560388513,0.007049652777777778
564,49.66682102569735,1.7728530327028114,27.51097873192561,0.007049652777777778
565,49.61671021038157,1.8507287472886604,27.54647626834038,0.007049652777777778
566,49.56560322393795,1.9253696536308327,27.58321626501429,0.007049652777777778
567,49.51360799034526,1.9970806748659786,27.621064122803432,0.007049652777777778
568,49.46081669760232,2.066120912771807,27.65990589593834,0.007049652777777778
569,49.40730884950446,2.132712782075655,27.699644111665442,0.007049652777777778
570,49.35315359328591,2.1970489254508694,27.740194618772332,0.007049652777777778
571,49.42806588000218,1.7375030143148562,27.725395684213844,0.007049652777777778
572,49.52666457304944,1.3140625759591547,27.703736733765247,0.007049652777777778
573,49.65658563034113,0.938184858522618,27.672972825036585,0.007049652777777778
574,49.82710735808949,0.6239730576040697,27.630342104757617,0.007049652777777778
575,50.04678047966304,0.38476773115524704,27.57323478321842,0.007049652777777778
576,50.31806206247924,0.22504790292189988,27.500779505762804,0.007049652777777778
577,50.31910573520584,0.46938897690376213,27.460372936677523,0.007049652777777778
578,50.304667667501924,0.6607443326175018,27.445744422161027,0.007049652777777778
579,50.28109740000079,0.8227061623099713,27.444817264838374,0.007049652777777778
580,50.25129970360746,0.9652018533939857,27.45271274603233,0.007049652777777778
581,50.21690681002139,1.0935482534251195,27.466881928404014,0.007049652777777778
582,50.178948771042315,1.2109932637696361,27.48579466607997,0.007049652777777778
583,50.1381268622454,1.3196957014353699,27.508447273521096,0.007049652777777778
584,50.09494494247857,1.4211780195280392,27.534139345883585,0.007049652777777778
585,50.04977993569957,1.5165621694144051,27.56235919037953,0.007049652777777778
586,50.00292280963198,1.6067035781615437,27.592719521153523,0.007049652777777778
587,49.95460390763508,1.6922724087089658,27.6249188435156,0.007049652777777778
588,49.90500938653999,1.7738054551804348,27.658717000951174,0.007049652777777778
589,49.85429231195525,1.851740697250505,27.693919012221222,0.007049652777777778
590,49.802580396376804,1.9264411157107693,27.730364003042453,0.007049652777777778
591,49.74998154688642,1.9982115900079345,27.767917397625546,0.007049652777777778
592,49.696587937485646,2.067311188003978,27.806465268428358,0.007049652777777778
593,49.6424790601551,2.133962297775094,27.845910157081608,0.007049652777777778
594,49.58772405198559,2.1983575408345337,27.886167923825635,0.007049652777777778
595,49.662091057688784,1.7387294685874872,27.87107734744794,0.007049652777777778
596,49.760126905941384,1.315179124474987,27.849132779352022,0.007049652777777778
597,49.88946182364131,0.939154851065902,27.81809099527831,0.007049652777777778
598,50.059371165338945,0.6247546934856203,27.775191113109408,0.007049652777777778
599,50.27841361918422,0.38533010995091643,27.717821162972278,0.007049652777777778
600,50.54907154560542,0.2253977485086905,27.645102391203366,0.007049652777777778
601,50.54951460247314,0.4697307545170808,27.60444140743462,0.007049652777777778
602,50.53448582796193,0.6611143424693335,27.589539390691122,0.007049652777777778
603,50.5103294210258,0.8231170680771305,27.58833260562117,0.007049652777777778
604,50.47994849701316,0.9656596758219491,27.595945839695577,0.007049652777777778
605,50.44497458004687,1.094056317847586,27.609831553552937,0.007049652777777778
606,50.406437361211864,1.2115535698614297,27.628460283316446,0.007049652777777778
607,50.3650379098317,1.3203095130018334,27.650828720989104,0.007049652777777778
608,50.32127995673253,1.4218461562153872,27.676236689767602,0.007049652777777778
609,50.275540341283254,1.517285165777585,27.70417264367767,0.007049652777777778
610,50.22810997246408,1.607481776949385,27.734249396090473,0.007049652777777778
611,50.179219151131235,1.693106018749888,27.76616552198306,0.007049652777777778
612,50.129054002276234,1.77469458896135,27.799680915266325,0.007049652777777778
613,50.07776756693016,1.8526853962310954,27.834600632111837,0.007049652777777778
614,50.02548753811067,1.9274413679092222,27.87076382655743,0.007049652777777778
615,49.9723218070972,1.9992673425400482,27.908035944612394,0.007049652777777778
616,49.918362534800565,2.0684223562255655,27.946303075742126,0.007049652777777778
617,49.863689202150844,2.1351287720776795,27.985467774994277,0.007049652777777778
618,49.80837093675085,2.1995791917825023,28.02544591328684,0.007049652777777778
619,49.88222547954133,1.739874537774653,28.010076760451128,0.007049652777777778
620,49.97973248884846,1.316221731536285,27.98785924828126,0.007049652777777778
621,50.10851683884527,0.9400607989199178,27.956551756827132,0.007049652777777778
622,50.277851110401464,0.6254849508045109,27.91339431538188,0.007049652777777778
623,50.496301383206706,0.3858557551805414,27.855772931342127,0.007049652777777778
624,50.76637358933232,0.22572491899822736,27.7828019560738,0.007049652777777778
625,50.76625255869234,0.4700503119111193,27.74189725887144,0.007049652777777778
626,50.75066896341668,0.6614602122809885,27.726733708636285,0.007049652777777778
627,50.725962010582485,0.8235010929641794,27.72525967726057,0.007049652777777778
628,50.69503326768289,0.9660874888124951,27.73260322870462,0.007049652777777778
629,50.6595135971438,1.0945310316758026,27.746218130255315,0.007049652777777778
630,50.62043235267695,1.2120770574897473,27.76457555553067,0.007049652777777778
631,50.57849041068308,1.3208829590892506,27.786672549450227,0.007049652777777778
632,50.5341913822318,1.4224703299112302,27.81180914837527,0.007049652777777778
633,50.48791202756064,1.5179605694908613,27.839473943563142,0.007049652777777778
634,50.439943200694294,1.6082087336029762,27.869279841129053,0.007049652777777778
635,50.39051516272516,1.6938847259287908,27.900925481159586,0.007049652777777778
636,50.33981400885652,1.7755251540683317,27.934170804686353,0.007049652777777778
637,50.287992757124314,1.8535678601706136,27.968820902834228,0.007049652777777778
638,50.23517908232126,1.9283757215419872,28.004714956096446,0.007049652777777778
639,50.181480860940944,2.000253538416616,28.041718430839563,0.007049652777777778
640,50.12699024164461,2.0694603171421964,28.07971743240735,0.007049652777777778
641,50.071786695021096,2.136218397436676,28.118614528368745,0.007049652777777778
642,50.01593933979386,2.2007203624007405,28.158325599602158,0.007049652777777778
643,50.089312187009796,1.740944278542793,28.14269038684715,0.007049652777777778
644,50.18632222126905,1.317195884620051,28.120212084253094,0.007049652777777778
645,50.314589314286636,0.9409074348845863,28.088650570823646,0.007049652777777778
646,50.48338343997748,0.626167601490557,28.045246731428385,0.007049652777777778
647,50.70127754417961,0.3863473383234511,27.987384694949576,0.007049652777777778
648,50.97079954238574,0.22603104480510874,27.91417238276378,0.007049652777777778
649,50.97014862510897,0.4703492532475945,27.873034291520884,0.007049652777777778
650,50.954043813855044,0.6617836935102359,27.857620700607633,0.007049652777777778
651,50.928819648018134,0.8238601948487051,27.855891297583085,0.007049652777777778
652,50.89737624713576,0.9664874842684034,27.862977210026273,0.007049652777777778
653,50.86134385451095,1.094974835786878,27.87633342718705,0.007049652777777778
654,50.821751508147905,1.212566425276008,27.894431718904922,0.007049652777777778
655,50.77929990389795,1.321419001424074,27.916269460174604,0.007049652777777778
656,50.73449254074833,1.423053768761506,27.941146886723253,0.007049652777777778
657,50.68770610487263,1.5185918771279159,27.96855271815089,0.007049652777777778
658,50.63923139885748,1.608888214258197,27.99809994730364,0.007049652777777778
659,50.58929864657545,1.6946125664718088,28.029487275150217,0.007049652777777778
660,50.53809391534654,1.7763014569124096,28.062474686777893,0.007049652777777778
661,50.485770201681454,1.854392665442385,28.096867305985615,0.007049652777777778
662,50.43245516331255,1.9292490224852765,28.13250433799204,0.007049652777777778
663,50.378256662891474,2.001175292377663,28.16925126818498,0.007049652777777778
664,50.32326683761133,2.0704304535805247,28.206994216739787,0.007049652777777778
665,50.26756514837909,2.137236823880773,28.245635762916923,0.007049652777777778
666,50.2112207056043,2.201786968951142,28.28509179689065,0.007049652777777778
667,50.28414071171261,1.7419442183698879,28.26920251084331,0.007049652777777778
668,50.38068363905663,1.318106593423187,28.2464750679232,0.007049652777777778
669,50.5084646815725,0.9416990819566767,28.214670748457976,0.007049652777777778
670,50.67675136244028,0.6268060936923585,28.17103124069034,0.007049652777777778
671,50.89412301131312,0.3868073044073349,28.11293892732011,0.007049652777777778
672,51.16312805981694,0.22631762021853308,28.039495729251026,0.007049652777777778
673,51.161979291175655,0.47062904805190986,27.998134186649196,0.007049652777777778
674,51.14538474548263,0.6620863896452055,27.982481585250177,0.007049652777777778
675,51.11967459522637,0.824196165358556,27.980508194423802,0.007049652777777778
676,51.087747604745765,0.9668616672906206,27.987348007852173,0.007049652777777778
677,51.05123343776597,1.0953899624965422,28.000457158143135,0.007049652777777778
678,51.01116083671297,1.213024140829678,28.01830797304085,0.007049652777777778
679,50.968230328386646,1.3219203478626484,28.039898136407576,0.007049652777777778
680,50.92294530682372,1.4235994239455467,28.064528070523696,0.007049652777777778
681,50.875682388843515,1.5191822850685044,28.091686615078498,0.007049652777777778
682,50.826732328864246,1.6095236615704003,28.120986844065616,0.007049652777777778
683,50.77632531590351,1.6952932298280143,28.152127515410914,0.007049652777777778
684,50.72464739116888,1.7770274338561654,28.184868655411652,0.007049652777777778
685,50.67185153101237,1.8551639951505405,28.219015418425382,0.007049652777777778
686,50.61806537718831,1.9300657001948645,28.25440703279032,0.007049652777777778
687,50.5633967793845,2.002037279675248,28.290909001675697,0.007049652777777778
688,50.50793786405283,2.0713376859061756,28.328407459117308,0.007049652777777778
689,50.45176808303149,2.1381892161074103,28.36680499529745,0.007049652777777778
690,50.394956538942125,2.202784419603381,28.406017509070317,0.007049652777777778
691,50.46745077287154,1.7428794110907948,28.389885625272925,0.007049652777777778
692,50.56355460038894,1.318958439818974,28.366920205132597,0.007049652777777778
693,50.69087883892547,0.9424396959156844,28.334883839735625,0.007049652777777778
694,50.85868870733925,0.6274035850964333,28.291018971869324,0.007049652777777778
695,51.075569475607,0.3872378949807427,28.23270635967051,0.007049652777777778
696,51.34408873426658,0.22658601697506706,28.159042320815814,0.007049652777777778
697,51.34247213278433,0.47089104472067284,28.11746689925164,0.007049652777777778
698,51.32541735631084,0.6623697711624048,28.101585868673972,0.007049652777777778
699,51.29925048975786,0.8245106467742798,28.099379399218343,0.007049652777777778
700,51.26686902847119,0.9672118752474457,28.105984167222715,0.007049652777777778
701,51.22990209336403,1.0957784569104032,28.1188573756225,0.007049652777777778
702,51.189378150002675,1.2134524644454658,28.136471874460504,0.007049652777777778
703,51.145997566829465,1.3223894784700538,28.157825636757742,0.007049652777777778
704,51.10026363956425,1.4241099981556768,28.182219259440156,0.007049652777777778
705,51.0525529200536,1.5197347203873388,28.209141694615617,0.007049652777777778
706,51.003156117588944,1.610118228014153,28.238206092236453,0.007049652777777778
707,50.95230338853285,1.6959300943768498,28.269111263538015,0.007049652777777778
708,50.90018074962845,1.777706689322302,28.301617273383357,0.007049652777777778
709,50.84694115834055,1.8558856796307401,28.33552930472291,0.007049652777777778
710,50.792712241453124,1.930829810588249,28.37068660752278,0.007049652777777778
711,50.73760183650696,2.002843781324978,28.406954701582066,0.007049652777777778
712,50.68170205988922,2.072186519631644,28.44421973389532,0.007049652777777778
713,50.62509235494015,2.13908030343319,28.482384304852076,0.007049652777777778
714,50.567841816983375,2.2037176667134704,28.521364321414897,0.007049652777777778
715,50.63993567988084,1.7437544855123133,28.505000822965297,0.007049652777777778
716,50.735626677970274,1.3197556216041324,28.481808118327674,0.007049652777777778
717,50.86252153200598,0.9431329026485356,28.449550025251956,0.007049652777777778
718,51.02988329378148,0.627962972169854,28.405469695379885,0.007049652777777778
719,51.24630276522532,0.3876411683147842,28.346946374225425,0.007049652777777778
720,51.51436543893971,0.22683749622234461,28.2730711440619,0.007049652777777778
721,51.51230914349095,0.4711364824172469,28.231291053089944,0.007049652777777778
722,51.49482179597375,0.6626351886858797,28.2151917397671,0.007049652777777778
723,51.468225653373786,0.8248051468872677,28.21276264234951,0.007049652777777778
724,51.43541702223187,0.9675397945282176,28.21914294929428,0.007049652777777778
725,51.39802451486027,1.0961421956755533,28.231790865952473,0.007049652777777778
726,51.35707633738712,1.2138534699097325,28.249179731550075,0.007049652777777778
727,51.31327270985151,1.32282866841349,28.270307789934723,0.007049652777777778
728,51.26711683583228,1.4245879705949223,28.294475801601745,0.007049652777777778
729,51.218985206282355,1.5202518679642252,28.321172823942508,0.007049652777777778
730,51.169168488198295,1.6106748051077482,28.350012078041523,0.007049652777777778
731,51.11789680733654,1.696526258764736,28.380692425051144,0.007049652777777778
732,51.065356157509875,1.7783425292370991,28.412973965940946,0.007049652777777778
733,51.011699478480324,1.8565612319930882,28.446661910426492,0.007049652777777778
734,50.95705438299969,1.9315450736780155,28.481595528714863,0.007049652777777778
735,50.901528697222645,2.003598723819716,28.51764035616448,0.007049652777777778
736,50.845214528102105,2.0729810871992598,28.55468255189059,0.007049652777777778
737,50.78819131101197,2.139914423634482,28.592624725826244,0.007049652777777778
738,50.730528134434145,2.204591252709777,28.631382792511527,0.007049652777777778
739,50.80224546871055,1.7445736880978775,28.614798188435085,0.007049652777777778
740,50.8975482860341,1.3205019909291649,28.591388438188,0.007049652777777778
741,51.02403947062864,0.9437820309651549,28.55891850802511,0.007049652777777778
742,51.190980035931545,0.6284869159037385,28.51463221567249,0.007049652777777778
743,51.40696593927647,0.38801901722118115,28.455907397196114,0.007049652777777778
744,51.67459941018344,0.22707321909489928,28.38183024041507,0.007049652777777778
745,51.67212980646788,0.4713665015784432,28.339854334985503,0.007049652777777778
746,51.654235827358114,0.6628838845983234,28.32354646463137,0.007049652777777778
747,51.627236143482115,0.8250810521001648,28.320904747512568,0.007049652777777778
748,51.59402594722762,0.9678469753072618,28.327070725534636,0.007049652777777778
749,51.55623337416561,1.0964829034990315,28.339503543259514,0.007049652777777778
750,51.51488638721351,1.2142290628243662,28.35667699827138,0.007049652777777778
751,51.470685067280414,1.3232400081204587,28.37758958817925,0.007049652777777778
752,51.42413253155783,1.4250356189854285,28.40154222673673,0.007049652777777778
753,51.37560521390576,1.5207361943503672,28.428024069976555,0.007049652777777778
754,51.32539374166483,1.6111960491395643,28.456648405622456,0.007049652777777778
755,51.273728211894436,1.6970845694899126,28.487114141585877,0.007049652777777778
756,51.22079459690702,1.7789379904695224,28.519181412654063,0.007049652777777778
757,51.16674581986525,1.8571938794093754,28.55265545360651,0.007049652777777778
758,51.11170948036347,1.9322149066997107,28.587375553600896,0.007049652777777778
759,51.05579339387968,2.004305714089449,28.623207262559152,0.007049652777777778
760,50.99908965851972,2.0737251847637297,28.660036750937817,0.007049652777777778
761,50.94167770218729,2.1406955615426115,28.697766637596263,0.007049652777777778
762,50.88362660694795,2.205409350490449,28.736312844158693,0.007049652777777778
763,50.9549897973831,1.7453409205586383,28.71951718744662,0.007049652777777778
764,51.04992756727374,1.3212010881595178,28.6959001930396,0.007049652777777778
765,51.17603920636924,0.9443901415353242,28.663227902992457,0.007049652777777778
766,51.342583810475375,0.6289778645423852,28.61874476106358,0.007049652777777778
767,51.55816214468354,0.38837318481253047,28.55982728909158,0.007049652777777778
768,51.82539209420957,0.2272942560888229,28.48555709679976,0.007049652777777778
769,51.82253393159456,0.4715821532204197,28.443393886106332,0.007049652777777778
770,51.80425765432873,0.6631170033153255,28.426886777903544,0.007049652777777778
771,51.77687857161094,0.8253396390106316,28.424042022882645,0.007049652777777778
772,51.74329083122838,0.9681348445919913,28.43000336864836,0.007049652777777778
773,51.705122121702914,1.0968021677414221,28.44223084010333,0.007049652777777778
774,51.6634001778676,1.2145809967913894,28.45919866447526,0.007049652777777778
775,51.61882495014674,1.3236254210804868,28.479905577236337,0.007049652777777778
776,51.571899474708985,1.4254550390017824,28.50365263579242,0.007049652777777778
777,51.523000131865174,1.521189968840464,28.529929088629483,0.007049652777777778
778,51.47241751176084,1.6116844038812874,28.558348285925,0.007049652777777778
779,51.42038168453854,1.6976076452557702,28.588609179407758,0.007049652777777778
780,51.36707860234395,1.7794958668212644,28.620471935550704,0.007049652777777778
781,51.31266117276982,1.8577865907347664,28.65374181261321,0.007049652777777778
782,51.257256983068444,1.9328424533588122,28.688258117501743,0.007049652777777778
783,51.200973838703,2.00496807036633,28.723886413774636,0.007049652777777778
784,51.14390382948049,2.0744223046672245,28.760512882504397,0.007049652777777778
785,51.086126376296605,2.141427383120501,28.798040150902484,0.007049652777777778
786,51.02771055519796,2.206175799092683,28.836384147218283,0.007049652777777778
787,51.09874062278834,1.7460597730550471,28.819387052482668,0.007049652777777778
788,51.193335061868794,1.3218561717970114,28.79557219409949,0.007049652777777778
789,51.31908979311933,0.9449600524781542,28.76270662223735,0.007049652777777778
790,51.48526210797942,0.6294380737072922,28.71803536916693,0.007049652777777778
791,51.70045725794612,0.3887052784805254,28.658933730486858,0.007049652777777778
792,51.967307779642184,0.22750159539370132,28.584479031645188,0.007049652777777778
793,51.96408427925081,0.4717844072032005,28.542136688426915,0.007049652777777778
794,51.94544853700513,0.6633356004014852,28.525439269160152,0.007049652777777778
795,51.917712710270614,0.8255820846822471,28.522400647297456,0.007049652777777778
796,51.88376996708202,0.9684047177865451,28.528166638459734,0.007049652777777778
797,51.84524757660423,1.0971014513457253,28.540198093017242,0.007049652777777778
798,51.80317305969569,1.2149108877479486,28.556969641072744,0.007049652777777778
799,51.75824624436102,1.323986679609784,28.57748024114024,0.007049652777777778
800,51.710970090751005,1.4258481614785996,28.60103108532193,0.007049652777777778
801,51.661720928934116,1.5216152821299411,28.6271115087882,0.007049652777777778
802,51.61078931415676,1.6121421206971447,28.655334920268213,0.007049652777777778
803,51.55840529130611,1.698097898531513,28.68540031256605,0.007049652777777778
804,51.50475479360534,1.7800187320361893,28.717067881853126,0.007049652777777778
805,51.449990714038165,1.8583421009617829,28.75014290839227,0.007049652777777778
806,51.394240628276236,1.9334306097239355,28.784464715719064,0.007049652777777778
807,51.337612332385284,2.005588849510863,28.819898880164615,0.007049652777777778
808,51.280197908384956,2.0750756641917305,28.85633159274166,0.007049652777777778
809,51.222076770595216,2.1421132656339092,28.893665488479183,0.007049652777777778
810,51.16331798941415,2.206894135275141,28.931816501824684,0.007049652777777778
811,51.234034678576045,1.746733553603029,28.914627162530383,0.007049652777777778
812,51.328306178264754,1.3224702449929404,28.89062341498055,0.007049652777777778
813,51.453725250148636,0.9454943620532335,28.857573254395675,0.007049652777777778
814,51.61954748759582,0.6298696242625117,28.81272226639795,0.007049652777777778
815,51.83438233112712,0.3890167823260749,28.753444601743684,0.007049652777777778
816,52.10087603511689,0.22769615031658144,28.67881357473726,0.007049652777777778
817,52.097308989941006,0.4719741595892299,28.63629994490468,0.007049652777777778
818,52.07833521362215,0.6635406506800654,28.619420762966165,0.007049652777777778
819,52.0502639071405,0.8258094757754011,28.616197050030333,0.007049652777777778
820,52.01598731928227,0.9686578089671024,28.62177656134075,0.007049652777777778
821,51.97713232569893,1.0973821043220089,28.63362092155263,0.007049652777777778
822,51.9347262464445,1.2152202266970376,28.650205138672806,0.007049652777777778
823,51.88946879463283,1.3243254188493379,28.670528380429968,0.007049652777777778
824,51.84186285906968,1.4262167676881026,28.693891965267902,0.007049652777777778
825,51.7922847226683,1.5220140628783025,28.71978530965939,0.007049652777777778
826,51.741024907919936,1.6125712763954774,28.747821877245418,0.007049652777777778
827,51.68831343600767,1.698557554691676,28.777700699347406,0.007049652777777778
828,51.63433622239437,1.780508960225622,28.809181999981995,0.007049652777777778
829,51.579246146351565,1.8588629329278659,28.842071080038473,0.007049652777777778
830,51.52317077268128,1.9339820472121327,28.8762072786376,0.007049652777777778
831,51.466217888628805,2.006170871269715,28.9114561840781,0.007049652777777778
832,51.40847956890455,2.0756882310835665,28.94770399668337,0.007049652777777778
833,51.350035221655745,2.142756324436294,28.98485335880173,0.007049652777777778
834,51.290953911978654,2.2075676215566085,29.02282021068108,0.007049652777777778
835,51.36137577165454,1.7473653141880081,29.00544741592581,0.007049652777777778
836,51.455343483160604,1.323046079103261,28.981263364209386,0.007049652777777778
837,51.58044684504737,0.9459954688343878,28.94803693700851,0.007049652777777778
838,51.74593985239117,0.6302744382156042,28.903014240335967,0.007049652777777778
839,51.960435859244605,0.3893090682404751,28.84356835548898,0.007049652777777778
840,52.226593969023206,0.2278787659129916,28.768768839740318,0.007049652777777778
